Setup title,N-18-Id-Vd
Application test name,Id-Vd
Test date,3/28/2017
Test time,11:05:20
Device ID,1
Vdrain,Idrain,Vgate,Vsource,Vsubs,IdrainPerWg
0,-2.3938E-08,0.6,0,-0.1,-6.83942857142857E-10
0.01,2.501E-07,0.6,0,-0.1,7.14571428571428E-09
0.02,4.9385E-07,0.6,0,-0.1,1.411E-08
0.03,7.1703E-07,0.6,0,-0.1,2.04865714285714E-08
0.04,9.166E-07,0.6,0,-0.1,2.61885714285714E-08
0.05,1.09415E-06,0.6,0,-0.1,3.12614285714286E-08
0.06,1.2589E-06,0.6,0,-0.1,3.59685714285714E-08
0.07,1.4026E-06,0.6,0,-0.1,4.00742857142857E-08
0.08,1.5342E-06,0.6,0,-0.1,4.38342857142857E-08
0.09,1.6466E-06,0.6,0,-0.1,4.70457142857143E-08
0.1,1.7513E-06,0.6,0,-0.1,5.00371428571429E-08
0.11,1.8409E-06,0.6,0,-0.1,5.25971428571429E-08
0.12,1.9264E-06,0.6,0,-0.1,5.504E-08
0.13,1.9948E-06,0.6,0,-0.1,5.69942857142857E-08
0.14,2.0748E-06,0.6,0,-0.1,5.928E-08
0.15,2.1336E-06,0.6,0,-0.1,6.096E-08
0.16,2.1973E-06,0.6,0,-0.1,6.278E-08
0.17,2.2452E-06,0.6,0,-0.1,6.41485714285714E-08
0.18,2.2976E-06,0.6,0,-0.1,6.56457142857143E-08
0.19,2.3015E-06,0.6,0,-0.1,6.57571428571429E-08
0.2,2.3707E-06,0.6,0,-0.1,6.77342857142857E-08
0.21,2.4187E-06,0.6,0,-0.1,6.91057142857143E-08
0.22,2.4546E-06,0.6,0,-0.1,7.01314285714286E-08
0.23,2.4877E-06,0.6,0,-0.1,7.10771428571428E-08
0.24,2.5146E-06,0.6,0,-0.1,7.18457142857143E-08
0.25,2.5422E-06,0.6,0,-0.1,7.26342857142857E-08
0.26,2.5915E-06,0.6,0,-0.1,7.40428571428571E-08
0.27,2.6347E-06,0.6,0,-0.1,7.52771428571429E-08
0.28,2.6666E-06,0.6,0,-0.1,7.61885714285714E-08
0.29,2.6495E-06,0.6,0,-0.1,7.57E-08
0.3,2.6725E-06,0.6,0,-0.1,7.63571428571429E-08
0.31,2.7054E-06,0.6,0,-0.1,7.72971428571428E-08
0.32,2.7266E-06,0.6,0,-0.1,7.79028571428571E-08
0.33,2.7508E-06,0.6,0,-0.1,7.85942857142857E-08
0.34,2.7731E-06,0.6,0,-0.1,7.92314285714286E-08
0.35,2.8014E-06,0.6,0,-0.1,8.004E-08
0.36,2.8276E-06,0.6,0,-0.1,8.07885714285714E-08
0.37,2.8349E-06,0.6,0,-0.1,8.09971428571428E-08
0.38,2.9093E-06,0.6,0,-0.1,8.31228571428571E-08
0.39,2.8928E-06,0.6,0,-0.1,8.26514285714286E-08
0.4,2.904E-06,0.6,0,-0.1,8.29714285714286E-08
0.41,2.9669E-06,0.6,0,-0.1,8.47685714285714E-08
0.42,2.9648E-06,0.6,0,-0.1,8.47085714285714E-08
0.43,2.9715E-06,0.6,0,-0.1,8.49E-08
0.44,2.9959E-06,0.6,0,-0.1,8.55971428571428E-08
0.45,3.0203E-06,0.6,0,-0.1,8.62942857142857E-08
0.46,3.0475E-06,0.6,0,-0.1,8.70714285714286E-08
0.47,3.1083E-06,0.6,0,-0.1,8.88085714285714E-08
0.48,3.1026E-06,0.6,0,-0.1,8.86457142857143E-08
0.49,3.0938E-06,0.6,0,-0.1,8.83942857142857E-08
0.5,3.11E-06,0.6,0,-0.1,8.88571428571429E-08
0.51,3.1369E-06,0.6,0,-0.1,8.96257142857143E-08
0.52,3.161E-06,0.6,0,-0.1,9.03142857142857E-08
0.53,3.1809E-06,0.6,0,-0.1,9.08828571428571E-08
0.54,3.1986E-06,0.6,0,-0.1,9.13885714285714E-08
0.55,3.2101E-06,0.6,0,-0.1,9.17171428571429E-08
0.56,3.2361E-06,0.6,0,-0.1,9.246E-08
0.57,3.2604E-06,0.6,0,-0.1,9.31542857142857E-08
0.58,3.2729E-06,0.6,0,-0.1,9.35114285714286E-08
0.59,3.2956E-06,0.6,0,-0.1,9.416E-08
0.6,3.3172E-06,0.6,0,-0.1,9.47771428571428E-08
0.61,3.3316E-06,0.6,0,-0.1,9.51885714285714E-08
0.62,3.3601E-06,0.6,0,-0.1,9.60028571428571E-08
0.63,3.3707E-06,0.6,0,-0.1,9.63057142857143E-08
0.64,3.3952E-06,0.6,0,-0.1,9.70057142857143E-08
0.65,3.4137E-06,0.6,0,-0.1,9.75342857142857E-08
0.66,3.4372E-06,0.6,0,-0.1,9.82057142857143E-08
0.67,3.4506E-06,0.6,0,-0.1,9.85885714285714E-08
0.68,3.481E-06,0.6,0,-0.1,9.94571428571429E-08
0.69,3.4888E-06,0.6,0,-0.1,9.968E-08
0.7,3.5136E-06,0.6,0,-0.1,1.00388571428571E-07
0.71,3.5355E-06,0.6,0,-0.1,1.01014285714286E-07
0.72,3.5542E-06,0.6,0,-0.1,1.01548571428571E-07
0.73,3.569E-06,0.6,0,-0.1,1.01971428571429E-07
0.74,3.5878E-06,0.6,0,-0.1,1.02508571428571E-07
0.75,3.618E-06,0.6,0,-0.1,1.03371428571429E-07
0.76,3.6448E-06,0.6,0,-0.1,1.04137142857143E-07
0.77,3.6358E-06,0.6,0,-0.1,1.0388E-07
0.78,3.6636E-06,0.6,0,-0.1,1.04674285714286E-07
0.79,3.7372E-06,0.6,0,-0.1,1.06777142857143E-07
0.8,3.7091E-06,0.6,0,-0.1,1.05974285714286E-07
0.81,3.7246E-06,0.6,0,-0.1,1.06417142857143E-07
0.82,3.7505E-06,0.6,0,-0.1,1.07157142857143E-07
0.83,3.7643E-06,0.6,0,-0.1,1.07551428571429E-07
0.84,3.7963E-06,0.6,0,-0.1,1.08465714285714E-07
0.85,3.8385E-06,0.6,0,-0.1,1.09671428571429E-07
0.86,3.8231E-06,0.6,0,-0.1,1.09231428571429E-07
0.87,3.8335E-06,0.6,0,-0.1,1.09528571428571E-07
0.88,3.8853E-06,0.6,0,-0.1,1.11008571428571E-07
0.89,3.8781E-06,0.6,0,-0.1,1.10802857142857E-07
0.9,3.9026E-06,0.6,0,-0.1,1.11502857142857E-07
0.91,3.9433E-06,0.6,0,-0.1,1.12665714285714E-07
0.92,3.9792E-06,0.6,0,-0.1,1.13691428571429E-07
0.93,3.9526E-06,0.6,0,-0.1,1.12931428571429E-07
0.94,3.9849E-06,0.6,0,-0.1,1.13854285714286E-07
0.95,3.9943E-06,0.6,0,-0.1,1.14122857142857E-07
0.96,4.0608E-06,0.6,0,-0.1,1.16022857142857E-07
0.97,4.038E-06,0.6,0,-0.1,1.15371428571429E-07
0.98,4.0738E-06,0.6,0,-0.1,1.16394285714286E-07
0.99,4.0954E-06,0.6,0,-0.1,1.17011428571429E-07
1,4.0994E-06,0.6,0,-0.1,1.17125714285714E-07
1.01,4.1042E-06,0.6,0,-0.1,1.17262857142857E-07
1.02,4.1372E-06,0.6,0,-0.1,1.18205714285714E-07
1.03,4.1485E-06,0.6,0,-0.1,1.18528571428571E-07
1.04,4.1655E-06,0.6,0,-0.1,1.19014285714286E-07
1.05,4.2122E-06,0.6,0,-0.1,1.20348571428571E-07
1.06,4.229E-06,0.6,0,-0.1,1.20828571428571E-07
1.07,4.2431E-06,0.6,0,-0.1,1.21231428571429E-07
1.08,4.2474E-06,0.6,0,-0.1,1.21354285714286E-07
1.09,4.2696E-06,0.6,0,-0.1,1.21988571428571E-07
1.1,4.3189E-06,0.6,0,-0.1,1.23397142857143E-07
1.11,4.3242E-06,0.6,0,-0.1,1.23548571428571E-07
1.12,4.3343E-06,0.6,0,-0.1,1.23837142857143E-07
1.13,4.3523E-06,0.6,0,-0.1,1.24351428571429E-07
1.14,4.3609E-06,0.6,0,-0.1,1.24597142857143E-07
1.15,4.394E-06,0.6,0,-0.1,1.25542857142857E-07
1.16,4.401E-06,0.6,0,-0.1,1.25742857142857E-07
1.17,4.4698E-06,0.6,0,-0.1,1.27708571428571E-07
1.18,4.4482E-06,0.6,0,-0.1,1.27091428571429E-07
1.19,4.4587E-06,0.6,0,-0.1,1.27391428571429E-07
1.2,4.4987E-06,0.6,0,-0.1,1.28534285714286E-07
1.21,4.5265E-06,0.6,0,-0.1,1.29328571428571E-07
1.22,4.5235E-06,0.6,0,-0.1,1.29242857142857E-07
1.23,4.5847E-06,0.6,0,-0.1,1.30991428571429E-07
1.24,4.5964E-06,0.6,0,-0.1,1.31325714285714E-07
1.25,4.59E-06,0.6,0,-0.1,1.31142857142857E-07
1.26,4.6235E-06,0.6,0,-0.1,1.321E-07
1.27,4.6541E-06,0.6,0,-0.1,1.32974285714286E-07
1.28,4.6522E-06,0.6,0,-0.1,1.3292E-07
1.29,4.6934E-06,0.6,0,-0.1,1.34097142857143E-07
1.3,4.6889E-06,0.6,0,-0.1,1.33968571428571E-07
1.31,4.7356E-06,0.6,0,-0.1,1.35302857142857E-07
1.32,4.7213E-06,0.6,0,-0.1,1.34894285714286E-07
1.33,4.7504E-06,0.6,0,-0.1,1.35725714285714E-07
1.34,4.7837E-06,0.6,0,-0.1,1.36677142857143E-07
1.35,4.7951E-06,0.6,0,-0.1,1.37002857142857E-07
1.36,4.8009E-06,0.6,0,-0.1,1.37168571428571E-07
1.37,4.8272E-06,0.6,0,-0.1,1.3792E-07
1.38,4.8601E-06,0.6,0,-0.1,1.3886E-07
1.39,4.8726E-06,0.6,0,-0.1,1.39217142857143E-07
1.4,4.8984E-06,0.6,0,-0.1,1.39954285714286E-07
1.41,4.9266E-06,0.6,0,-0.1,1.4076E-07
1.42,4.9421E-06,0.6,0,-0.1,1.41202857142857E-07
1.43,4.963E-06,0.6,0,-0.1,1.418E-07
1.44,4.9734E-06,0.6,0,-0.1,1.42097142857143E-07
1.45,4.9939E-06,0.6,0,-0.1,1.42682857142857E-07
1.46,5.0117E-06,0.6,0,-0.1,1.43191428571429E-07
1.47,5.028E-06,0.6,0,-0.1,1.43657142857143E-07
1.48,5.0668E-06,0.6,0,-0.1,1.44765714285714E-07
1.49,5.0683E-06,0.6,0,-0.1,1.44808571428571E-07
1.5,5.0873E-06,0.6,0,-0.1,1.45351428571429E-07
1.51,5.1083E-06,0.6,0,-0.1,1.45951428571429E-07
1.52,5.1285E-06,0.6,0,-0.1,1.46528571428571E-07
1.53,5.1617E-06,0.6,0,-0.1,1.47477142857143E-07
1.54,5.1594E-06,0.6,0,-0.1,1.47411428571429E-07
1.55,5.1826E-06,0.6,0,-0.1,1.48074285714286E-07
1.56,5.2106E-06,0.6,0,-0.1,1.48874285714286E-07
1.57,5.2241E-06,0.6,0,-0.1,1.4926E-07
1.58,5.2512E-06,0.6,0,-0.1,1.50034285714286E-07
1.59,5.262E-06,0.6,0,-0.1,1.50342857142857E-07
1.6,5.2842E-06,0.6,0,-0.1,1.50977142857143E-07
1.61,5.3008E-06,0.6,0,-0.1,1.51451428571429E-07
1.62,5.3285E-06,0.6,0,-0.1,1.52242857142857E-07
1.63,5.3455E-06,0.6,0,-0.1,1.52728571428571E-07
1.64,5.3607E-06,0.6,0,-0.1,1.53162857142857E-07
1.65,5.3787E-06,0.6,0,-0.1,1.53677142857143E-07
1.66,5.4125E-06,0.6,0,-0.1,1.54642857142857E-07
1.67,5.4137E-06,0.6,0,-0.1,1.54677142857143E-07
1.68,5.4411E-06,0.6,0,-0.1,1.5546E-07
1.69,5.465E-06,0.6,0,-0.1,1.56142857142857E-07
1.7,5.4819E-06,0.6,0,-0.1,1.56625714285714E-07
1.71,5.5021E-06,0.6,0,-0.1,1.57202857142857E-07
1.72,5.5152E-06,0.6,0,-0.1,1.57577142857143E-07
1.73,5.5356E-06,0.6,0,-0.1,1.5816E-07
1.74,5.5607E-06,0.6,0,-0.1,1.58877142857143E-07
1.75,5.5808E-06,0.6,0,-0.1,1.59451428571429E-07
1.76,5.5941E-06,0.6,0,-0.1,1.59831428571429E-07
1.77,5.6136E-06,0.6,0,-0.1,1.60388571428571E-07
1.78,5.6315E-06,0.6,0,-0.1,1.609E-07
1.79,5.6603E-06,0.6,0,-0.1,1.61722857142857E-07
1.8,5.678E-06,0.6,0,-0.1,1.62228571428571E-07
0,-5.815E-08,0.9,0,-0.1,-1.66142857142857E-09
0.01,1.3546E-06,0.9,0,-0.1,3.87028571428571E-08
0.02,2.6756E-06,0.9,0,-0.1,7.64457142857143E-08
0.03,4.0182E-06,0.9,0,-0.1,1.14805714285714E-07
0.04,5.2536E-06,0.9,0,-0.1,1.50102857142857E-07
0.05,6.4591E-06,0.9,0,-0.1,1.84545714285714E-07
0.06,7.5719E-06,0.9,0,-0.1,2.1634E-07
0.07,8.6706E-06,0.9,0,-0.1,2.47731428571429E-07
0.08,9.6981E-06,0.9,0,-0.1,2.77088571428571E-07
0.09,1.06794E-05,0.9,0,-0.1,3.05125714285714E-07
0.1,1.1597E-05,0.9,0,-0.1,3.31342857142857E-07
0.11,1.2304E-05,0.9,0,-0.1,3.51542857142857E-07
0.12,1.3236E-05,0.9,0,-0.1,3.78171428571429E-07
0.13,1.3867E-05,0.9,0,-0.1,3.962E-07
0.14,1.4713E-05,0.9,0,-0.1,4.20371428571429E-07
0.15,1.5299E-05,0.9,0,-0.1,4.37114285714286E-07
0.16,1.6105E-05,0.9,0,-0.1,4.60142857142857E-07
0.17,1.671E-05,0.9,0,-0.1,4.77428571428571E-07
0.18,1.7201E-05,0.9,0,-0.1,4.91457142857143E-07
0.19,1.7554E-05,0.9,0,-0.1,5.01542857142857E-07
0.2,1.8283E-05,0.9,0,-0.1,5.22371428571429E-07
0.21,1.8709E-05,0.9,0,-0.1,5.34542857142857E-07
0.22,1.9124E-05,0.9,0,-0.1,5.464E-07
0.23,1.9524E-05,0.9,0,-0.1,5.57828571428571E-07
0.24,1.9939E-05,0.9,0,-0.1,5.69685714285714E-07
0.25,2.0297E-05,0.9,0,-0.1,5.79914285714286E-07
0.26,2.0624E-05,0.9,0,-0.1,5.89257142857143E-07
0.27,2.0938E-05,0.9,0,-0.1,5.98228571428571E-07
0.28,2.1221E-05,0.9,0,-0.1,6.06314285714286E-07
0.29,2.1326E-05,0.9,0,-0.1,6.09314285714286E-07
0.3,2.1738E-05,0.9,0,-0.1,6.21085714285714E-07
0.31,2.1974E-05,0.9,0,-0.1,6.27828571428571E-07
0.32,2.2202E-05,0.9,0,-0.1,6.34342857142857E-07
0.33,2.2317E-05,0.9,0,-0.1,6.37628571428571E-07
0.34,2.2613E-05,0.9,0,-0.1,6.46085714285714E-07
0.35,2.279E-05,0.9,0,-0.1,6.51142857142857E-07
0.36,2.2911E-05,0.9,0,-0.1,6.546E-07
0.37,2.2939E-05,0.9,0,-0.1,6.554E-07
0.38,2.3231E-05,0.9,0,-0.1,6.63742857142857E-07
0.39,2.3392E-05,0.9,0,-0.1,6.68342857142857E-07
0.4,2.3375E-05,0.9,0,-0.1,6.67857142857143E-07
0.41,2.3669E-05,0.9,0,-0.1,6.76257142857143E-07
0.42,2.3802E-05,0.9,0,-0.1,6.80057142857143E-07
0.43,2.3933E-05,0.9,0,-0.1,6.838E-07
0.44,2.4048E-05,0.9,0,-0.1,6.87085714285714E-07
0.45,2.4071E-05,0.9,0,-0.1,6.87742857142857E-07
0.46,2.4281E-05,0.9,0,-0.1,6.93742857142857E-07
0.47,2.4383E-05,0.9,0,-0.1,6.96657142857143E-07
0.48,2.4512E-05,0.9,0,-0.1,7.00342857142857E-07
0.49,2.4616E-05,0.9,0,-0.1,7.03314285714286E-07
0.5,2.4711E-05,0.9,0,-0.1,7.06028571428571E-07
0.51,2.4777E-05,0.9,0,-0.1,7.07914285714286E-07
0.52,2.4898E-05,0.9,0,-0.1,7.11371428571429E-07
0.53,2.4978E-05,0.9,0,-0.1,7.13657142857143E-07
0.54,2.5105E-05,0.9,0,-0.1,7.17285714285714E-07
0.55,2.518E-05,0.9,0,-0.1,7.19428571428571E-07
0.56,2.5187E-05,0.9,0,-0.1,7.19628571428571E-07
0.57,2.5375E-05,0.9,0,-0.1,7.25E-07
0.58,2.5463E-05,0.9,0,-0.1,7.27514285714286E-07
0.59,2.5553E-05,0.9,0,-0.1,7.30085714285714E-07
0.6,2.5624E-05,0.9,0,-0.1,7.32114285714286E-07
0.61,2.5707E-05,0.9,0,-0.1,7.34485714285714E-07
0.62,2.5807E-05,0.9,0,-0.1,7.37342857142857E-07
0.63,2.5874E-05,0.9,0,-0.1,7.39257142857143E-07
0.64,2.5766E-05,0.9,0,-0.1,7.36171428571428E-07
0.65,2.605E-05,0.9,0,-0.1,7.44285714285714E-07
0.66,2.6134E-05,0.9,0,-0.1,7.46685714285714E-07
0.67,2.6206E-05,0.9,0,-0.1,7.48742857142857E-07
0.68,2.628E-05,0.9,0,-0.1,7.50857142857143E-07
0.69,2.6364E-05,0.9,0,-0.1,7.53257142857143E-07
0.7,2.6324E-05,0.9,0,-0.1,7.52114285714286E-07
0.71,2.6253E-05,0.9,0,-0.1,7.50085714285714E-07
0.72,2.6596E-05,0.9,0,-0.1,7.59885714285714E-07
0.73,2.6483E-05,0.9,0,-0.1,7.56657142857143E-07
0.74,2.6736E-05,0.9,0,-0.1,7.63885714285714E-07
0.75,2.6824E-05,0.9,0,-0.1,7.664E-07
0.76,2.6911E-05,0.9,0,-0.1,7.68885714285714E-07
0.77,2.6981E-05,0.9,0,-0.1,7.70885714285714E-07
0.78,2.7064E-05,0.9,0,-0.1,7.73257142857143E-07
0.79,2.714E-05,0.9,0,-0.1,7.75428571428571E-07
0.8,2.7227E-05,0.9,0,-0.1,7.77914285714286E-07
0.81,2.7068E-05,0.9,0,-0.1,7.73371428571429E-07
0.82,2.7345E-05,0.9,0,-0.1,7.81285714285714E-07
0.83,2.7428E-05,0.9,0,-0.1,7.83657142857143E-07
0.84,2.7365E-05,0.9,0,-0.1,7.81857142857143E-07
0.85,2.7573E-05,0.9,0,-0.1,7.878E-07
0.86,2.7634E-05,0.9,0,-0.1,7.89542857142857E-07
0.87,2.7703E-05,0.9,0,-0.1,7.91514285714286E-07
0.88,2.7782E-05,0.9,0,-0.1,7.93771428571429E-07
0.89,2.7861E-05,0.9,0,-0.1,7.96028571428571E-07
0.9,2.7792E-05,0.9,0,-0.1,7.94057142857143E-07
0.91,2.8004E-05,0.9,0,-0.1,8.00114285714286E-07
0.92,2.8065E-05,0.9,0,-0.1,8.01857142857143E-07
0.93,2.8136E-05,0.9,0,-0.1,8.03885714285714E-07
0.94,2.8207E-05,0.9,0,-0.1,8.05914285714286E-07
0.95,2.8273E-05,0.9,0,-0.1,8.078E-07
0.96,2.8345E-05,0.9,0,-0.1,8.09857142857143E-07
0.97,2.8416E-05,0.9,0,-0.1,8.11885714285714E-07
0.98,2.8476E-05,0.9,0,-0.1,8.136E-07
0.99,2.8552E-05,0.9,0,-0.1,8.15771428571428E-07
1,2.8496E-05,0.9,0,-0.1,8.14171428571428E-07
1.01,2.8684E-05,0.9,0,-0.1,8.19542857142857E-07
1.02,2.8762E-05,0.9,0,-0.1,8.21771428571428E-07
1.03,2.8822E-05,0.9,0,-0.1,8.23485714285714E-07
1.04,2.8899E-05,0.9,0,-0.1,8.25685714285714E-07
1.05,2.8903E-05,0.9,0,-0.1,8.258E-07
1.06,2.9036E-05,0.9,0,-0.1,8.296E-07
1.07,2.9097E-05,0.9,0,-0.1,8.31342857142857E-07
1.08,2.917E-05,0.9,0,-0.1,8.33428571428571E-07
1.09,2.9233E-05,0.9,0,-0.1,8.35228571428571E-07
1.1,2.9298E-05,0.9,0,-0.1,8.37085714285714E-07
1.11,2.9374E-05,0.9,0,-0.1,8.39257142857143E-07
1.12,2.9439E-05,0.9,0,-0.1,8.41114285714286E-07
1.13,2.9502E-05,0.9,0,-0.1,8.42914285714286E-07
1.14,2.957E-05,0.9,0,-0.1,8.44857142857143E-07
1.15,2.9559E-05,0.9,0,-0.1,8.44542857142857E-07
1.16,2.9704E-05,0.9,0,-0.1,8.48685714285714E-07
1.17,2.9786E-05,0.9,0,-0.1,8.51028571428571E-07
1.18,2.9699E-05,0.9,0,-0.1,8.48542857142857E-07
1.19,2.9917E-05,0.9,0,-0.1,8.54771428571429E-07
1.2,2.9979E-05,0.9,0,-0.1,8.56542857142857E-07
1.21,3.0033E-05,0.9,0,-0.1,8.58085714285714E-07
1.22,3.0105E-05,0.9,0,-0.1,8.60142857142857E-07
1.23,3.0166E-05,0.9,0,-0.1,8.61885714285714E-07
1.24,3.0234E-05,0.9,0,-0.1,8.63828571428571E-07
1.25,3.0295E-05,0.9,0,-0.1,8.65571428571428E-07
1.26,3.037E-05,0.9,0,-0.1,8.67714285714286E-07
1.27,3.0427E-05,0.9,0,-0.1,8.69342857142857E-07
1.28,3.0338E-05,0.9,0,-0.1,8.668E-07
1.29,3.056E-05,0.9,0,-0.1,8.73142857142857E-07
1.3,3.063E-05,0.9,0,-0.1,8.75142857142857E-07
1.31,3.0699E-05,0.9,0,-0.1,8.77114285714286E-07
1.32,3.0762E-05,0.9,0,-0.1,8.78914285714286E-07
1.33,3.0826E-05,0.9,0,-0.1,8.80742857142857E-07
1.34,3.0896E-05,0.9,0,-0.1,8.82742857142857E-07
1.35,3.0963E-05,0.9,0,-0.1,8.84657142857143E-07
1.36,3.1015E-05,0.9,0,-0.1,8.86142857142857E-07
1.37,3.109E-05,0.9,0,-0.1,8.88285714285714E-07
1.38,3.1162E-05,0.9,0,-0.1,8.90342857142857E-07
1.39,3.1234E-05,0.9,0,-0.1,8.924E-07
1.4,3.1191E-05,0.9,0,-0.1,8.91171428571428E-07
1.41,3.1293E-05,0.9,0,-0.1,8.94085714285714E-07
1.42,3.1329E-05,0.9,0,-0.1,8.95114285714286E-07
1.43,3.1406E-05,0.9,0,-0.1,8.97314285714286E-07
1.44,3.1475E-05,0.9,0,-0.1,8.99285714285714E-07
1.45,3.162E-05,0.9,0,-0.1,9.03428571428571E-07
1.46,3.1674E-05,0.9,0,-0.1,9.04971428571428E-07
1.47,3.168E-05,0.9,0,-0.1,9.05142857142857E-07
1.48,3.1761E-05,0.9,0,-0.1,9.07457142857143E-07
1.49,3.1851E-05,0.9,0,-0.1,9.10028571428571E-07
1.5,3.1958E-05,0.9,0,-0.1,9.13085714285714E-07
1.51,3.1996E-05,0.9,0,-0.1,9.14171428571429E-07
1.52,3.2079E-05,0.9,0,-0.1,9.16542857142857E-07
1.53,3.2162E-05,0.9,0,-0.1,9.18914285714286E-07
1.54,3.2221E-05,0.9,0,-0.1,9.206E-07
1.55,3.227E-05,0.9,0,-0.1,9.22E-07
1.56,3.2328E-05,0.9,0,-0.1,9.23657142857143E-07
1.57,3.2393E-05,0.9,0,-0.1,9.25514285714286E-07
1.58,3.2483E-05,0.9,0,-0.1,9.28085714285714E-07
1.59,3.2518E-05,0.9,0,-0.1,9.29085714285714E-07
1.6,3.2584E-05,0.9,0,-0.1,9.30971428571428E-07
1.61,3.2653E-05,0.9,0,-0.1,9.32942857142857E-07
1.62,3.2723E-05,0.9,0,-0.1,9.34942857142857E-07
1.63,3.2787E-05,0.9,0,-0.1,9.36771428571429E-07
1.64,3.2831E-05,0.9,0,-0.1,9.38028571428571E-07
1.65,3.2819E-05,0.9,0,-0.1,9.37685714285714E-07
1.66,3.2898E-05,0.9,0,-0.1,9.39942857142857E-07
1.67,3.2946E-05,0.9,0,-0.1,9.41314285714286E-07
1.68,3.3081E-05,0.9,0,-0.1,9.45171428571429E-07
1.69,3.3149E-05,0.9,0,-0.1,9.47114285714286E-07
1.7,3.3205E-05,0.9,0,-0.1,9.48714285714285E-07
1.71,3.3291E-05,0.9,0,-0.1,9.51171428571429E-07
1.72,3.3336E-05,0.9,0,-0.1,9.52457142857143E-07
1.73,3.3409E-05,0.9,0,-0.1,9.54542857142857E-07
1.74,3.3369E-05,0.9,0,-0.1,9.534E-07
1.75,3.3435E-05,0.9,0,-0.1,9.55285714285714E-07
1.76,3.3547E-05,0.9,0,-0.1,9.58485714285714E-07
1.77,3.3713E-05,0.9,0,-0.1,9.63228571428571E-07
1.78,3.3771E-05,0.9,0,-0.1,9.64885714285714E-07
1.79,3.3834E-05,0.9,0,-0.1,9.66685714285714E-07
1.8,3.3896E-05,0.9,0,-0.1,9.68457142857143E-07
0,-7.3725E-08,1.2,0,-0.1,-2.10642857142857E-09
0.01,2.5784E-06,1.2,0,-0.1,7.36685714285714E-08
0.02,5.1558E-06,1.2,0,-0.1,1.47308571428571E-07
0.03,7.6928E-06,1.2,0,-0.1,2.19794285714286E-07
0.04,1.01706E-05,1.2,0,-0.1,2.90588571428571E-07
0.05,1.2576E-05,1.2,0,-0.1,3.59314285714286E-07
0.06,1.4932E-05,1.2,0,-0.1,4.26628571428571E-07
0.07,1.7233E-05,1.2,0,-0.1,4.92371428571428E-07
0.08,1.9414E-05,1.2,0,-0.1,5.54685714285714E-07
0.09,2.1575E-05,1.2,0,-0.1,6.16428571428571E-07
0.1,2.3663E-05,1.2,0,-0.1,6.76085714285714E-07
0.11,2.565E-05,1.2,0,-0.1,7.32857142857143E-07
0.12,2.7571E-05,1.2,0,-0.1,7.87742857142857E-07
0.13,2.9502E-05,1.2,0,-0.1,8.42914285714286E-07
0.14,3.123E-05,1.2,0,-0.1,8.92285714285714E-07
0.15,3.2929E-05,1.2,0,-0.1,9.40828571428571E-07
0.16,3.4573E-05,1.2,0,-0.1,9.878E-07
0.17,3.6132E-05,1.2,0,-0.1,1.03234285714286E-06
0.18,3.7745E-05,1.2,0,-0.1,1.07842857142857E-06
0.19,3.9116E-05,1.2,0,-0.1,1.1176E-06
0.2,4.0462E-05,1.2,0,-0.1,1.15605714285714E-06
0.21,4.1758E-05,1.2,0,-0.1,1.19308571428571E-06
0.22,4.3091E-05,1.2,0,-0.1,1.23117142857143E-06
0.23,4.4186E-05,1.2,0,-0.1,1.26245714285714E-06
0.24,4.5415E-05,1.2,0,-0.1,1.29757142857143E-06
0.25,4.6493E-05,1.2,0,-0.1,1.32837142857143E-06
0.26,4.7432E-05,1.2,0,-0.1,1.3552E-06
0.27,4.8389E-05,1.2,0,-0.1,1.38254285714286E-06
0.28,4.9313E-05,1.2,0,-0.1,1.40894285714286E-06
0.29,5.0199E-05,1.2,0,-0.1,1.43425714285714E-06
0.3,5.1178E-05,1.2,0,-0.1,1.46222857142857E-06
0.31,5.1915E-05,1.2,0,-0.1,1.48328571428571E-06
0.32,5.2548E-05,1.2,0,-0.1,1.50137142857143E-06
0.33,5.336E-05,1.2,0,-0.1,1.52457142857143E-06
0.34,5.3898E-05,1.2,0,-0.1,1.53994285714286E-06
0.35,5.4727E-05,1.2,0,-0.1,1.56362857142857E-06
0.36,5.5321E-05,1.2,0,-0.1,1.5806E-06
0.37,5.6069E-05,1.2,0,-0.1,1.60197142857143E-06
0.38,5.6285E-05,1.2,0,-0.1,1.60814285714286E-06
0.39,5.6934E-05,1.2,0,-0.1,1.62668571428571E-06
0.4,5.7562E-05,1.2,0,-0.1,1.64462857142857E-06
0.41,5.7708E-05,1.2,0,-0.1,1.6488E-06
0.42,5.8146E-05,1.2,0,-0.1,1.66131428571429E-06
0.43,5.864E-05,1.2,0,-0.1,1.67542857142857E-06
0.44,5.9202E-05,1.2,0,-0.1,1.69148571428571E-06
0.45,5.9417E-05,1.2,0,-0.1,1.69762857142857E-06
0.46,5.9917E-05,1.2,0,-0.1,1.71191428571429E-06
0.47,6.0043E-05,1.2,0,-0.1,1.71551428571429E-06
0.48,6.0698E-05,1.2,0,-0.1,1.73422857142857E-06
0.49,6.092E-05,1.2,0,-0.1,1.74057142857143E-06
0.5,6.1167E-05,1.2,0,-0.1,1.74762857142857E-06
0.51,6.1261E-05,1.2,0,-0.1,1.75031428571429E-06
0.52,6.1627E-05,1.2,0,-0.1,1.76077142857143E-06
0.53,6.178E-05,1.2,0,-0.1,1.76514285714286E-06
0.54,6.2063E-05,1.2,0,-0.1,1.77322857142857E-06
0.55,6.2553E-05,1.2,0,-0.1,1.78722857142857E-06
0.56,6.2575E-05,1.2,0,-0.1,1.78785714285714E-06
0.57,6.2881E-05,1.2,0,-0.1,1.7966E-06
0.58,6.3102E-05,1.2,0,-0.1,1.80291428571429E-06
0.59,6.3339E-05,1.2,0,-0.1,1.80968571428571E-06
0.6,6.3794E-05,1.2,0,-0.1,1.82268571428571E-06
0.61,6.3967E-05,1.2,0,-0.1,1.82762857142857E-06
0.62,6.3977E-05,1.2,0,-0.1,1.82791428571429E-06
0.63,6.4164E-05,1.2,0,-0.1,1.83325714285714E-06
0.64,6.4347E-05,1.2,0,-0.1,1.83848571428571E-06
0.65,6.4463E-05,1.2,0,-0.1,1.8418E-06
0.66,6.4504E-05,1.2,0,-0.1,1.84297142857143E-06
0.67,6.4808E-05,1.2,0,-0.1,1.85165714285714E-06
0.68,6.483E-05,1.2,0,-0.1,1.85228571428571E-06
0.69,6.5007E-05,1.2,0,-0.1,1.85734285714286E-06
0.7,6.5156E-05,1.2,0,-0.1,1.8616E-06
0.71,6.5313E-05,1.2,0,-0.1,1.86608571428571E-06
0.72,6.5548E-05,1.2,0,-0.1,1.8728E-06
0.73,6.5984E-05,1.2,0,-0.1,1.88525714285714E-06
0.74,6.5874E-05,1.2,0,-0.1,1.88211428571429E-06
0.75,6.5986E-05,1.2,0,-0.1,1.88531428571429E-06
0.76,6.6132E-05,1.2,0,-0.1,1.88948571428571E-06
0.77,6.6327E-05,1.2,0,-0.1,1.89505714285714E-06
0.78,6.6608E-05,1.2,0,-0.1,1.90308571428571E-06
0.79,6.656E-05,1.2,0,-0.1,1.90171428571429E-06
0.8,6.675E-05,1.2,0,-0.1,1.90714285714286E-06
0.81,6.6927E-05,1.2,0,-0.1,1.9122E-06
0.82,6.7033E-05,1.2,0,-0.1,1.91522857142857E-06
0.83,6.7037E-05,1.2,0,-0.1,1.91534285714286E-06
0.84,6.7331E-05,1.2,0,-0.1,1.92374285714286E-06
0.85,6.7386E-05,1.2,0,-0.1,1.92531428571429E-06
0.86,6.7422E-05,1.2,0,-0.1,1.92634285714286E-06
0.87,6.7722E-05,1.2,0,-0.1,1.93491428571429E-06
0.88,6.7767E-05,1.2,0,-0.1,1.9362E-06
0.89,6.802E-05,1.2,0,-0.1,1.94342857142857E-06
0.9,6.8009E-05,1.2,0,-0.1,1.94311428571429E-06
0.91,6.8327E-05,1.2,0,-0.1,1.9522E-06
0.92,6.8294E-05,1.2,0,-0.1,1.95125714285714E-06
0.93,6.8417E-05,1.2,0,-0.1,1.95477142857143E-06
0.94,6.8408E-05,1.2,0,-0.1,1.95451428571429E-06
0.95,6.8602E-05,1.2,0,-0.1,1.96005714285714E-06
0.96,6.8831E-05,1.2,0,-0.1,1.9666E-06
0.97,6.8939E-05,1.2,0,-0.1,1.96968571428571E-06
0.98,6.895E-05,1.2,0,-0.1,1.97E-06
0.99,6.926E-05,1.2,0,-0.1,1.97885714285714E-06
1,6.9461E-05,1.2,0,-0.1,1.9846E-06
1.01,6.9412E-05,1.2,0,-0.1,1.9832E-06
1.02,6.9613E-05,1.2,0,-0.1,1.98894285714286E-06
1.03,6.9647E-05,1.2,0,-0.1,1.98991428571429E-06
1.04,6.9784E-05,1.2,0,-0.1,1.99382857142857E-06
1.05,7.0019E-05,1.2,0,-0.1,2.00054285714286E-06
1.06,7.0128E-05,1.2,0,-0.1,2.00365714285714E-06
1.07,7.001E-05,1.2,0,-0.1,2.00028571428571E-06
1.08,7.004E-05,1.2,0,-0.1,2.00114285714286E-06
1.09,7.0415E-05,1.2,0,-0.1,2.01185714285714E-06
1.1,7.026E-05,1.2,0,-0.1,2.00742857142857E-06
1.11,7.0573E-05,1.2,0,-0.1,2.01637142857143E-06
1.12,7.0624E-05,1.2,0,-0.1,2.01782857142857E-06
1.13,7.0862E-05,1.2,0,-0.1,2.02462857142857E-06
1.14,7.0694E-05,1.2,0,-0.1,2.01982857142857E-06
1.15,7.0892E-05,1.2,0,-0.1,2.02548571428571E-06
1.16,7.0917E-05,1.2,0,-0.1,2.0262E-06
1.17,7.1196E-05,1.2,0,-0.1,2.03417142857143E-06
1.18,7.1204E-05,1.2,0,-0.1,2.0344E-06
1.19,7.129E-05,1.2,0,-0.1,2.03685714285714E-06
1.2,7.1398E-05,1.2,0,-0.1,2.03994285714286E-06
1.21,7.157E-05,1.2,0,-0.1,2.04485714285714E-06
1.22,7.1548E-05,1.2,0,-0.1,2.04422857142857E-06
1.23,7.1906E-05,1.2,0,-0.1,2.05445714285714E-06
1.24,7.2006E-05,1.2,0,-0.1,2.05731428571429E-06
1.25,7.203E-05,1.2,0,-0.1,2.058E-06
1.26,7.2001E-05,1.2,0,-0.1,2.05717142857143E-06
1.27,7.2392E-05,1.2,0,-0.1,2.06834285714286E-06
1.28,7.2231E-05,1.2,0,-0.1,2.06374285714286E-06
1.29,7.256E-05,1.2,0,-0.1,2.07314285714286E-06
1.3,7.2612E-05,1.2,0,-0.1,2.07462857142857E-06
1.31,7.2646E-05,1.2,0,-0.1,2.0756E-06
1.32,7.2845E-05,1.2,0,-0.1,2.08128571428571E-06
1.33,7.2736E-05,1.2,0,-0.1,2.07817142857143E-06
1.34,7.3029E-05,1.2,0,-0.1,2.08654285714286E-06
1.35,7.3106E-05,1.2,0,-0.1,2.08874285714286E-06
1.36,7.3111E-05,1.2,0,-0.1,2.08888571428571E-06
1.37,7.3069E-05,1.2,0,-0.1,2.08768571428571E-06
1.38,7.326E-05,1.2,0,-0.1,2.09314285714286E-06
1.39,7.3525E-05,1.2,0,-0.1,2.10071428571429E-06
1.4,7.3476E-05,1.2,0,-0.1,2.09931428571429E-06
1.41,7.3489E-05,1.2,0,-0.1,2.09968571428571E-06
1.42,7.3574E-05,1.2,0,-0.1,2.10211428571429E-06
1.43,7.3768E-05,1.2,0,-0.1,2.10765714285714E-06
1.44,7.4097E-05,1.2,0,-0.1,2.11705714285714E-06
1.45,7.4074E-05,1.2,0,-0.1,2.1164E-06
1.46,7.4259E-05,1.2,0,-0.1,2.12168571428571E-06
1.47,7.4292E-05,1.2,0,-0.1,2.12262857142857E-06
1.48,7.4454E-05,1.2,0,-0.1,2.12725714285714E-06
1.49,7.4552E-05,1.2,0,-0.1,2.13005714285714E-06
1.5,7.4663E-05,1.2,0,-0.1,2.13322857142857E-06
1.51,7.4709E-05,1.2,0,-0.1,2.13454285714286E-06
1.52,7.4883E-05,1.2,0,-0.1,2.13951428571429E-06
1.53,7.4873E-05,1.2,0,-0.1,2.13922857142857E-06
1.54,7.5051E-05,1.2,0,-0.1,2.14431428571429E-06
1.55,7.5149E-05,1.2,0,-0.1,2.14711428571429E-06
1.56,7.5132E-05,1.2,0,-0.1,2.14662857142857E-06
1.57,7.5363E-05,1.2,0,-0.1,2.15322857142857E-06
1.58,7.5431E-05,1.2,0,-0.1,2.15517142857143E-06
1.59,7.5394E-05,1.2,0,-0.1,2.15411428571429E-06
1.6,7.5565E-05,1.2,0,-0.1,2.159E-06
1.61,7.5521E-05,1.2,0,-0.1,2.15774285714286E-06
1.62,7.5736E-05,1.2,0,-0.1,2.16388571428571E-06
1.63,7.5874E-05,1.2,0,-0.1,2.16782857142857E-06
1.64,7.5978E-05,1.2,0,-0.1,2.1708E-06
1.65,7.5987E-05,1.2,0,-0.1,2.17105714285714E-06
1.66,7.6221E-05,1.2,0,-0.1,2.17774285714286E-06
1.67,7.6338E-05,1.2,0,-0.1,2.18108571428571E-06
1.68,7.6421E-05,1.2,0,-0.1,2.18345714285714E-06
1.69,7.6381E-05,1.2,0,-0.1,2.18231428571429E-06
1.7,7.6465E-05,1.2,0,-0.1,2.18471428571429E-06
1.71,7.6624E-05,1.2,0,-0.1,2.18925714285714E-06
1.72,7.6779E-05,1.2,0,-0.1,2.19368571428571E-06
1.73,7.6819E-05,1.2,0,-0.1,2.19482857142857E-06
1.74,7.6824E-05,1.2,0,-0.1,2.19497142857143E-06
1.75,7.7024E-05,1.2,0,-0.1,2.20068571428571E-06
1.76,7.7113E-05,1.2,0,-0.1,2.20322857142857E-06
1.77,7.7181E-05,1.2,0,-0.1,2.20517142857143E-06
1.78,7.7344E-05,1.2,0,-0.1,2.20982857142857E-06
1.79,7.735E-05,1.2,0,-0.1,2.21E-06
1.8,7.7485E-05,1.2,0,-0.1,2.21385714285714E-06
0,-7.8585E-08,1.5,0,-0.1,-2.24528571428571E-09
0.01,3.5965E-06,1.5,0,-0.1,1.02757142857143E-07
0.02,7.2182E-06,1.5,0,-0.1,2.06234285714286E-07
0.03,1.08151E-05,1.5,0,-0.1,3.09002857142857E-07
0.04,1.4313E-05,1.5,0,-0.1,4.08942857142857E-07
0.05,1.7792E-05,1.5,0,-0.1,5.08342857142857E-07
0.06,2.1183E-05,1.5,0,-0.1,6.05228571428571E-07
0.07,2.4536E-05,1.5,0,-0.1,7.01028571428571E-07
0.08,2.778E-05,1.5,0,-0.1,7.93714285714286E-07
0.09,3.0968E-05,1.5,0,-0.1,8.848E-07
0.1,3.408E-05,1.5,0,-0.1,9.73714285714285E-07
0.11,3.71E-05,1.5,0,-0.1,1.06E-06
0.12,4.005E-05,1.5,0,-0.1,1.14428571428571E-06
0.13,4.2895E-05,1.5,0,-0.1,1.22557142857143E-06
0.14,4.5691E-05,1.5,0,-0.1,1.30545714285714E-06
0.15,4.8377E-05,1.5,0,-0.1,1.3822E-06
0.16,5.1003E-05,1.5,0,-0.1,1.45722857142857E-06
0.17,5.3524E-05,1.5,0,-0.1,1.52925714285714E-06
0.18,5.5972E-05,1.5,0,-0.1,1.5992E-06
0.19,5.8308E-05,1.5,0,-0.1,1.66594285714286E-06
0.2,6.0605E-05,1.5,0,-0.1,1.73157142857143E-06
0.21,6.2799E-05,1.5,0,-0.1,1.79425714285714E-06
0.22,6.4932E-05,1.5,0,-0.1,1.8552E-06
0.23,6.6953E-05,1.5,0,-0.1,1.91294285714286E-06
0.24,6.8912E-05,1.5,0,-0.1,1.96891428571429E-06
0.25,7.0812E-05,1.5,0,-0.1,2.0232E-06
0.26,7.2583E-05,1.5,0,-0.1,2.0738E-06
0.27,7.4373E-05,1.5,0,-0.1,2.12494285714286E-06
0.28,7.603E-05,1.5,0,-0.1,2.17228571428571E-06
0.29,7.7656E-05,1.5,0,-0.1,2.21874285714286E-06
0.3,7.9205E-05,1.5,0,-0.1,2.263E-06
0.31,8.0664E-05,1.5,0,-0.1,2.30468571428571E-06
0.32,8.2082E-05,1.5,0,-0.1,2.3452E-06
0.33,8.3448E-05,1.5,0,-0.1,2.38422857142857E-06
0.34,8.4761E-05,1.5,0,-0.1,2.42174285714286E-06
0.35,8.5986E-05,1.5,0,-0.1,2.45674285714286E-06
0.36,8.717E-05,1.5,0,-0.1,2.49057142857143E-06
0.37,8.8282E-05,1.5,0,-0.1,2.52234285714286E-06
0.38,8.9445E-05,1.5,0,-0.1,2.55557142857143E-06
0.39,9.0459E-05,1.5,0,-0.1,2.58454285714286E-06
0.4,9.1448E-05,1.5,0,-0.1,2.6128E-06
0.41,9.2419E-05,1.5,0,-0.1,2.64054285714286E-06
0.42,9.3334E-05,1.5,0,-0.1,2.66668571428571E-06
0.43,9.4182E-05,1.5,0,-0.1,2.69091428571429E-06
0.44,9.5029E-05,1.5,0,-0.1,2.71511428571429E-06
0.45,9.5801E-05,1.5,0,-0.1,2.73717142857143E-06
0.46,9.6569E-05,1.5,0,-0.1,2.75911428571429E-06
0.47,9.7333E-05,1.5,0,-0.1,2.78094285714286E-06
0.48,9.8031E-05,1.5,0,-0.1,2.80088571428571E-06
0.49,9.8696E-05,1.5,0,-0.1,2.81988571428571E-06
0.5,9.9304E-05,1.5,0,-0.1,2.83725714285714E-06
0.51,9.9938E-05,1.5,0,-0.1,2.85537142857143E-06
0.52,0.000100521,1.5,0,-0.1,2.87202857142857E-06
0.53,0.000101109,1.5,0,-0.1,2.88882857142857E-06
0.54,0.000101604,1.5,0,-0.1,2.90297142857143E-06
0.55,0.000102175,1.5,0,-0.1,2.91928571428571E-06
0.56,0.00010264,1.5,0,-0.1,2.93257142857143E-06
0.57,0.000103115,1.5,0,-0.1,2.94614285714286E-06
0.58,0.000103556,1.5,0,-0.1,2.95874285714286E-06
0.59,0.000104035,1.5,0,-0.1,2.97242857142857E-06
0.6,0.000104436,1.5,0,-0.1,2.98388571428571E-06
0.61,0.000104837,1.5,0,-0.1,2.99534285714286E-06
0.62,0.000105237,1.5,0,-0.1,3.00677142857143E-06
0.63,0.000105596,1.5,0,-0.1,3.01702857142857E-06
0.64,0.000105957,1.5,0,-0.1,3.02734285714286E-06
0.65,0.00010631,1.5,0,-0.1,3.03742857142857E-06
0.66,0.000106645,1.5,0,-0.1,3.047E-06
0.67,0.00010691,1.5,0,-0.1,3.05457142857143E-06
0.68,0.000107315,1.5,0,-0.1,3.06614285714286E-06
0.69,0.000107592,1.5,0,-0.1,3.07405714285714E-06
0.7,0.000107886,1.5,0,-0.1,3.08245714285714E-06
0.71,0.000108183,1.5,0,-0.1,3.09094285714286E-06
0.72,0.000108478,1.5,0,-0.1,3.09937142857143E-06
0.73,0.000108705,1.5,0,-0.1,3.10585714285714E-06
0.74,0.000109018,1.5,0,-0.1,3.1148E-06
0.75,0.000109287,1.5,0,-0.1,3.12248571428571E-06
0.76,0.000109434,1.5,0,-0.1,3.12668571428571E-06
0.77,0.000109746,1.5,0,-0.1,3.1356E-06
0.78,0.000109978,1.5,0,-0.1,3.14222857142857E-06
0.79,0.000110257,1.5,0,-0.1,3.1502E-06
0.8,0.000110453,1.5,0,-0.1,3.1558E-06
0.81,0.000110665,1.5,0,-0.1,3.16185714285714E-06
0.82,0.000110897,1.5,0,-0.1,3.16848571428571E-06
0.83,0.000111125,1.5,0,-0.1,3.175E-06
0.84,0.000111301,1.5,0,-0.1,3.18002857142857E-06
0.85,0.000111437,1.5,0,-0.1,3.18391428571429E-06
0.86,0.000111663,1.5,0,-0.1,3.19037142857143E-06
0.87,0.000111894,1.5,0,-0.1,3.19697142857143E-06
0.88,0.000112043,1.5,0,-0.1,3.20122857142857E-06
0.89,0.000112306,1.5,0,-0.1,3.20874285714286E-06
0.9,0.00011247,1.5,0,-0.1,3.21342857142857E-06
0.91,0.000112677,1.5,0,-0.1,3.21934285714286E-06
0.92,0.000112916,1.5,0,-0.1,3.22617142857143E-06
0.93,0.000113058,1.5,0,-0.1,3.23022857142857E-06
0.94,0.000113241,1.5,0,-0.1,3.23545714285714E-06
0.95,0.000113389,1.5,0,-0.1,3.23968571428571E-06
0.96,0.000113565,1.5,0,-0.1,3.24471428571429E-06
0.97,0.000113753,1.5,0,-0.1,3.25008571428571E-06
0.98,0.00011393,1.5,0,-0.1,3.25514285714286E-06
0.99,0.000114046,1.5,0,-0.1,3.25845714285714E-06
1,0.000114261,1.5,0,-0.1,3.2646E-06
1.01,0.000114438,1.5,0,-0.1,3.26965714285714E-06
1.02,0.000114567,1.5,0,-0.1,3.27334285714286E-06
1.03,0.000114737,1.5,0,-0.1,3.2782E-06
1.04,0.00011501,1.5,0,-0.1,3.286E-06
1.05,0.00011517,1.5,0,-0.1,3.29057142857143E-06
1.06,0.00011532,1.5,0,-0.1,3.29485714285714E-06
1.07,0.00011547,1.5,0,-0.1,3.29914285714286E-06
1.08,0.00011557,1.5,0,-0.1,3.302E-06
1.09,0.00011576,1.5,0,-0.1,3.30742857142857E-06
1.1,0.00011591,1.5,0,-0.1,3.31171428571429E-06
1.11,0.0001161,1.5,0,-0.1,3.31714285714286E-06
1.12,0.00011613,1.5,0,-0.1,3.318E-06
1.13,0.00011639,1.5,0,-0.1,3.32542857142857E-06
1.14,0.00011657,1.5,0,-0.1,3.33057142857143E-06
1.15,0.00011665,1.5,0,-0.1,3.33285714285714E-06
1.16,0.00011678,1.5,0,-0.1,3.33657142857143E-06
1.17,0.00011695,1.5,0,-0.1,3.34142857142857E-06
1.18,0.00011719,1.5,0,-0.1,3.34828571428571E-06
1.19,0.00011721,1.5,0,-0.1,3.34885714285714E-06
1.2,0.00011739,1.5,0,-0.1,3.354E-06
1.21,0.00011751,1.5,0,-0.1,3.35742857142857E-06
1.22,0.00011765,1.5,0,-0.1,3.36142857142857E-06
1.23,0.0001178,1.5,0,-0.1,3.36571428571429E-06
1.24,0.00011794,1.5,0,-0.1,3.36971428571429E-06
1.25,0.0001181,1.5,0,-0.1,3.37428571428571E-06
1.26,0.00011819,1.5,0,-0.1,3.37685714285714E-06
1.27,0.00011834,1.5,0,-0.1,3.38114285714286E-06
1.28,0.00011847,1.5,0,-0.1,3.38485714285714E-06
1.29,0.00011863,1.5,0,-0.1,3.38942857142857E-06
1.3,0.00011869,1.5,0,-0.1,3.39114285714286E-06
1.31,0.00011895,1.5,0,-0.1,3.39857142857143E-06
1.32,0.00011904,1.5,0,-0.1,3.40114285714286E-06
1.33,0.00011915,1.5,0,-0.1,3.40428571428571E-06
1.34,0.00011933,1.5,0,-0.1,3.40942857142857E-06
1.35,0.00011941,1.5,0,-0.1,3.41171428571429E-06
1.36,0.00011954,1.5,0,-0.1,3.41542857142857E-06
1.37,0.00011967,1.5,0,-0.1,3.41914285714286E-06
1.38,0.0001198,1.5,0,-0.1,3.42285714285714E-06
1.39,0.00011993,1.5,0,-0.1,3.42657142857143E-06
1.4,0.00012005,1.5,0,-0.1,3.43E-06
1.41,0.00012023,1.5,0,-0.1,3.43514285714286E-06
1.42,0.00012032,1.5,0,-0.1,3.43771428571429E-06
1.43,0.00012041,1.5,0,-0.1,3.44028571428571E-06
1.44,0.00012054,1.5,0,-0.1,3.444E-06
1.45,0.00012066,1.5,0,-0.1,3.44742857142857E-06
1.46,0.0001209,1.5,0,-0.1,3.45428571428571E-06
1.47,0.00012101,1.5,0,-0.1,3.45742857142857E-06
1.48,0.00012112,1.5,0,-0.1,3.46057142857143E-06
1.49,0.00012125,1.5,0,-0.1,3.46428571428571E-06
1.5,0.00012141,1.5,0,-0.1,3.46885714285714E-06
1.51,0.00012148,1.5,0,-0.1,3.47085714285714E-06
1.52,0.00012165,1.5,0,-0.1,3.47571428571429E-06
1.53,0.00012172,1.5,0,-0.1,3.47771428571429E-06
1.54,0.00012188,1.5,0,-0.1,3.48228571428571E-06
1.55,0.00012198,1.5,0,-0.1,3.48514285714286E-06
1.56,0.0001221,1.5,0,-0.1,3.48857142857143E-06
1.57,0.00012227,1.5,0,-0.1,3.49342857142857E-06
1.58,0.00012222,1.5,0,-0.1,3.492E-06
1.59,0.00012246,1.5,0,-0.1,3.49885714285714E-06
1.6,0.00012268,1.5,0,-0.1,3.50514285714286E-06
1.61,0.00012271,1.5,0,-0.1,3.506E-06
1.62,0.00012278,1.5,0,-0.1,3.508E-06
1.63,0.00012295,1.5,0,-0.1,3.51285714285714E-06
1.64,0.00012304,1.5,0,-0.1,3.51542857142857E-06
1.65,0.00012318,1.5,0,-0.1,3.51942857142857E-06
1.66,0.00012336,1.5,0,-0.1,3.52457142857143E-06
1.67,0.00012338,1.5,0,-0.1,3.52514285714286E-06
1.68,0.00012363,1.5,0,-0.1,3.53228571428571E-06
1.69,0.00012363,1.5,0,-0.1,3.53228571428571E-06
1.7,0.00012375,1.5,0,-0.1,3.53571428571429E-06
1.71,0.00012395,1.5,0,-0.1,3.54142857142857E-06
1.72,0.00012409,1.5,0,-0.1,3.54542857142857E-06
1.73,0.00012416,1.5,0,-0.1,3.54742857142857E-06
1.74,0.00012431,1.5,0,-0.1,3.55171428571429E-06
1.75,0.00012448,1.5,0,-0.1,3.55657142857143E-06
1.76,0.00012453,1.5,0,-0.1,3.558E-06
1.77,0.0001246,1.5,0,-0.1,3.56E-06
1.78,0.00012484,1.5,0,-0.1,3.56685714285714E-06
1.79,0.00012494,1.5,0,-0.1,3.56971428571429E-06
1.8,0.00012505,1.5,0,-0.1,3.57285714285714E-06
0,-9.1729E-08,1.8,0,-0.1,-2.62082857142857E-09
0.01,4.4059E-06,1.8,0,-0.1,1.25882857142857E-07
0.02,8.8363E-06,1.8,0,-0.1,2.52465714285714E-07
0.03,1.3262E-05,1.8,0,-0.1,3.78914285714286E-07
0.04,1.7599E-05,1.8,0,-0.1,5.02828571428571E-07
0.05,2.1901E-05,1.8,0,-0.1,6.25742857142857E-07
0.06,2.6139E-05,1.8,0,-0.1,7.46828571428571E-07
0.07,3.0295E-05,1.8,0,-0.1,8.65571428571428E-07
0.08,3.4411E-05,1.8,0,-0.1,9.83171428571428E-07
0.09,3.8456E-05,1.8,0,-0.1,1.09874285714286E-06
0.1,4.239E-05,1.8,0,-0.1,1.21114285714286E-06
0.11,4.6256E-05,1.8,0,-0.1,1.3216E-06
0.12,5.0058E-05,1.8,0,-0.1,1.43022857142857E-06
0.13,5.3701E-05,1.8,0,-0.1,1.53431428571429E-06
0.14,5.7387E-05,1.8,0,-0.1,1.63962857142857E-06
0.15,6.0901E-05,1.8,0,-0.1,1.74002857142857E-06
0.16,6.4332E-05,1.8,0,-0.1,1.83805714285714E-06
0.17,6.7675E-05,1.8,0,-0.1,1.93357142857143E-06
0.18,7.0911E-05,1.8,0,-0.1,2.02602857142857E-06
0.19,7.4091E-05,1.8,0,-0.1,2.11688571428571E-06
0.2,7.7162E-05,1.8,0,-0.1,2.20462857142857E-06
0.21,8.0173E-05,1.8,0,-0.1,2.29065714285714E-06
0.22,8.3061E-05,1.8,0,-0.1,2.37317142857143E-06
0.23,8.5889E-05,1.8,0,-0.1,2.45397142857143E-06
0.24,8.858E-05,1.8,0,-0.1,2.53085714285714E-06
0.25,9.1219E-05,1.8,0,-0.1,2.60625714285714E-06
0.26,9.3761E-05,1.8,0,-0.1,2.67888571428571E-06
0.27,9.6297E-05,1.8,0,-0.1,2.75134285714286E-06
0.28,9.8607E-05,1.8,0,-0.1,2.81734285714286E-06
0.29,0.000101016,1.8,0,-0.1,2.88617142857143E-06
0.3,0.000103236,1.8,0,-0.1,2.9496E-06
0.31,0.000105331,1.8,0,-0.1,3.00945714285714E-06
0.32,0.000107382,1.8,0,-0.1,3.06805714285714E-06
0.33,0.000109482,1.8,0,-0.1,3.12805714285714E-06
0.34,0.00011133,1.8,0,-0.1,3.18085714285714E-06
0.35,0.000113309,1.8,0,-0.1,3.2374E-06
0.36,0.00011516,1.8,0,-0.1,3.29028571428571E-06
0.37,0.00011692,1.8,0,-0.1,3.34057142857143E-06
0.38,0.00011856,1.8,0,-0.1,3.38742857142857E-06
0.39,0.00012023,1.8,0,-0.1,3.43514285714286E-06
0.4,0.0001218,1.8,0,-0.1,3.48E-06
0.41,0.00012334,1.8,0,-0.1,3.524E-06
0.42,0.00012467,1.8,0,-0.1,3.562E-06
0.43,0.00012608,1.8,0,-0.1,3.60228571428571E-06
0.44,0.00012746,1.8,0,-0.1,3.64171428571429E-06
0.45,0.0001287,1.8,0,-0.1,3.67714285714286E-06
0.46,0.00012997,1.8,0,-0.1,3.71342857142857E-06
0.47,0.00013113,1.8,0,-0.1,3.74657142857143E-06
0.48,0.00013236,1.8,0,-0.1,3.78171428571429E-06
0.49,0.0001335,1.8,0,-0.1,3.81428571428571E-06
0.5,0.0001345,1.8,0,-0.1,3.84285714285714E-06
0.51,0.00013552,1.8,0,-0.1,3.872E-06
0.52,0.0001365,1.8,0,-0.1,3.9E-06
0.53,0.00013754,1.8,0,-0.1,3.92971428571429E-06
0.54,0.00013847,1.8,0,-0.1,3.95628571428571E-06
0.55,0.00013935,1.8,0,-0.1,3.98142857142857E-06
0.56,0.00014018,1.8,0,-0.1,4.00514285714286E-06
0.57,0.00014108,1.8,0,-0.1,4.03085714285714E-06
0.58,0.00014161,1.8,0,-0.1,4.046E-06
0.59,0.00014252,1.8,0,-0.1,4.072E-06
0.6,0.00014329,1.8,0,-0.1,4.094E-06
0.61,0.00014399,1.8,0,-0.1,4.114E-06
0.62,0.0001446,1.8,0,-0.1,4.13142857142857E-06
0.63,0.00014524,1.8,0,-0.1,4.14971428571429E-06
0.64,0.00014586,1.8,0,-0.1,4.16742857142857E-06
0.65,0.00014639,1.8,0,-0.1,4.18257142857143E-06
0.66,0.00014709,1.8,0,-0.1,4.20257142857143E-06
0.67,0.0001476,1.8,0,-0.1,4.21714285714286E-06
0.68,0.00014812,1.8,0,-0.1,4.232E-06
0.69,0.00014868,1.8,0,-0.1,4.248E-06
0.7,0.00014903,1.8,0,-0.1,4.258E-06
0.71,0.00014975,1.8,0,-0.1,4.27857142857143E-06
0.72,0.00015021,1.8,0,-0.1,4.29171428571429E-06
0.73,0.00015066,1.8,0,-0.1,4.30457142857143E-06
0.74,0.00015104,1.8,0,-0.1,4.31542857142857E-06
0.75,0.00015142,1.8,0,-0.1,4.32628571428571E-06
0.76,0.00015198,1.8,0,-0.1,4.34228571428571E-06
0.77,0.00015225,1.8,0,-0.1,4.35E-06
0.78,0.00015279,1.8,0,-0.1,4.36542857142857E-06
0.79,0.0001531,1.8,0,-0.1,4.37428571428571E-06
0.8,0.00015348,1.8,0,-0.1,4.38514285714286E-06
0.81,0.00015382,1.8,0,-0.1,4.39485714285714E-06
0.82,0.00015421,1.8,0,-0.1,4.406E-06
0.83,0.00015452,1.8,0,-0.1,4.41485714285714E-06
0.84,0.00015486,1.8,0,-0.1,4.42457142857143E-06
0.85,0.00015525,1.8,0,-0.1,4.43571428571428E-06
0.86,0.00015554,1.8,0,-0.1,4.444E-06
0.87,0.0001558,1.8,0,-0.1,4.45142857142857E-06
0.88,0.00015617,1.8,0,-0.1,4.462E-06
0.89,0.0001565,1.8,0,-0.1,4.47142857142857E-06
0.9,0.00015654,1.8,0,-0.1,4.47257142857143E-06
0.91,0.00015697,1.8,0,-0.1,4.48485714285714E-06
0.92,0.00015729,1.8,0,-0.1,4.494E-06
0.93,0.00015751,1.8,0,-0.1,4.50028571428571E-06
0.94,0.00015784,1.8,0,-0.1,4.50971428571429E-06
0.95,0.00015797,1.8,0,-0.1,4.51342857142857E-06
0.96,0.00015812,1.8,0,-0.1,4.51771428571429E-06
0.97,0.00015863,1.8,0,-0.1,4.53228571428571E-06
0.98,0.00015882,1.8,0,-0.1,4.53771428571428E-06
0.99,0.00015898,1.8,0,-0.1,4.54228571428571E-06
1,0.00015921,1.8,0,-0.1,4.54885714285714E-06
1.01,0.0001595,1.8,0,-0.1,4.55714285714286E-06
1.02,0.00015961,1.8,0,-0.1,4.56028571428571E-06
1.03,0.00015994,1.8,0,-0.1,4.56971428571428E-06
1.04,0.00016026,1.8,0,-0.1,4.57885714285714E-06
1.05,0.00016032,1.8,0,-0.1,4.58057142857143E-06
1.06,0.00016068,1.8,0,-0.1,4.59085714285714E-06
1.07,0.00016091,1.8,0,-0.1,4.59742857142857E-06
1.08,0.0001611,1.8,0,-0.1,4.60285714285714E-06
1.09,0.00016128,1.8,0,-0.1,4.608E-06
1.1,0.00016151,1.8,0,-0.1,4.61457142857143E-06
1.11,0.00016169,1.8,0,-0.1,4.61971428571429E-06
1.12,0.0001619,1.8,0,-0.1,4.62571428571429E-06
1.13,0.00016214,1.8,0,-0.1,4.63257142857143E-06
1.14,0.00016228,1.8,0,-0.1,4.63657142857143E-06
1.15,0.00016248,1.8,0,-0.1,4.64228571428571E-06
1.16,0.00016266,1.8,0,-0.1,4.64742857142857E-06
1.17,0.00016286,1.8,0,-0.1,4.65314285714286E-06
1.18,0.00016293,1.8,0,-0.1,4.65514285714286E-06
1.19,0.00016306,1.8,0,-0.1,4.65885714285714E-06
1.2,0.00016333,1.8,0,-0.1,4.66657142857143E-06
1.21,0.00016352,1.8,0,-0.1,4.672E-06
1.22,0.00016382,1.8,0,-0.1,4.68057142857143E-06
1.23,0.00016399,1.8,0,-0.1,4.68542857142857E-06
1.24,0.00016407,1.8,0,-0.1,4.68771428571429E-06
1.25,0.00016426,1.8,0,-0.1,4.69314285714286E-06
1.26,0.00016447,1.8,0,-0.1,4.69914285714286E-06
1.27,0.00016473,1.8,0,-0.1,4.70657142857143E-06
1.28,0.00016476,1.8,0,-0.1,4.70742857142857E-06
1.29,0.00016494,1.8,0,-0.1,4.71257142857143E-06
1.3,0.00016517,1.8,0,-0.1,4.71914285714286E-06
1.31,0.00016535,1.8,0,-0.1,4.72428571428571E-06
1.32,0.00016553,1.8,0,-0.1,4.72942857142857E-06
1.33,0.00016567,1.8,0,-0.1,4.73342857142857E-06
1.34,0.0001658,1.8,0,-0.1,4.73714285714286E-06
1.35,0.00016602,1.8,0,-0.1,4.74342857142857E-06
1.36,0.00016623,1.8,0,-0.1,4.74942857142857E-06
1.37,0.00016639,1.8,0,-0.1,4.754E-06
1.38,0.00016652,1.8,0,-0.1,4.75771428571428E-06
1.39,0.00016669,1.8,0,-0.1,4.76257142857143E-06
1.4,0.00016682,1.8,0,-0.1,4.76628571428571E-06
1.41,0.00016696,1.8,0,-0.1,4.77028571428571E-06
1.42,0.00016719,1.8,0,-0.1,4.77685714285714E-06
1.43,0.00016723,1.8,0,-0.1,4.778E-06
1.44,0.00016735,1.8,0,-0.1,4.78142857142857E-06
1.45,0.00016751,1.8,0,-0.1,4.786E-06
1.46,0.00016777,1.8,0,-0.1,4.79342857142857E-06
1.47,0.00016797,1.8,0,-0.1,4.79914285714286E-06
1.48,0.000168,1.8,0,-0.1,4.8E-06
1.49,0.00016814,1.8,0,-0.1,4.804E-06
1.5,0.00016827,1.8,0,-0.1,4.80771428571429E-06
1.51,0.00016847,1.8,0,-0.1,4.81342857142857E-06
1.52,0.00016871,1.8,0,-0.1,4.82028571428571E-06
1.53,0.00016887,1.8,0,-0.1,4.82485714285714E-06
1.54,0.00016897,1.8,0,-0.1,4.82771428571429E-06
1.55,0.00016912,1.8,0,-0.1,4.832E-06
1.56,0.0001693,1.8,0,-0.1,4.83714285714286E-06
1.57,0.00016933,1.8,0,-0.1,4.838E-06
1.58,0.00016954,1.8,0,-0.1,4.844E-06
1.59,0.00016976,1.8,0,-0.1,4.85028571428571E-06
1.6,0.00016979,1.8,0,-0.1,4.85114285714286E-06
1.61,0.00016997,1.8,0,-0.1,4.85628571428571E-06
1.62,0.00017011,1.8,0,-0.1,4.86028571428571E-06
1.63,0.00017033,1.8,0,-0.1,4.86657142857143E-06
1.64,0.00017049,1.8,0,-0.1,4.87114285714286E-06
1.65,0.00017059,1.8,0,-0.1,4.874E-06
1.66,0.00017071,1.8,0,-0.1,4.87742857142857E-06
1.67,0.00017072,1.8,0,-0.1,4.87771428571429E-06
1.68,0.00017106,1.8,0,-0.1,4.88742857142857E-06
1.69,0.00017116,1.8,0,-0.1,4.89028571428571E-06
1.7,0.00017125,1.8,0,-0.1,4.89285714285714E-06
1.71,0.00017138,1.8,0,-0.1,4.89657142857143E-06
1.72,0.00017151,1.8,0,-0.1,4.90028571428571E-06
1.73,0.00017173,1.8,0,-0.1,4.90657142857143E-06
1.74,0.00017178,1.8,0,-0.1,4.908E-06
1.75,0.000172,1.8,0,-0.1,4.91428571428571E-06
1.76,0.0001721,1.8,0,-0.1,4.91714285714286E-06
1.77,0.0001723,1.8,0,-0.1,4.92285714285714E-06
1.78,0.00017244,1.8,0,-0.1,4.92685714285714E-06
1.79,0.00017242,1.8,0,-0.1,4.92628571428571E-06
1.8,0.00017262,1.8,0,-0.1,4.932E-06
