Setup title,"N-18 Id-Vg (fast)"
Classic test name,"I/V Sweep"
Test date,3/31/2017
Test time,15:24:50
Device ID,
Vgate,Idrain,Isubs,Vsource,Vdrain,Vsubs
0,1.9087E-09,-7.1852E-09,0,0.01,0
0.01,1.7865E-09,-7.849E-09,0,0.01,0
0.02,1.8681E-09,-5.6376E-09,0,0.01,0
0.03,1.9358E-09,-6.9164E-09,0,0.01,0
0.04,1.7261E-09,-6.8864E-09,0,0.01,0
0.05,1.8293E-09,-8.0506E-09,0,0.01,0
0.06,-6.517E-10,1.7826E-09,0,0.01,0
0.07,1.7285E-09,-6.903E-09,0,0.01,0
0.08,1.8271E-09,-8.1004E-09,0,0.01,0
0.09,-6.74E-10,1.7228E-09,0,0.01,0
0.1,1.7203E-09,-6.6034E-09,0,0.01,0
0.11,1.8106E-09,-8.0678E-09,0,0.01,0
0.12,1.8575E-09,-7.9556E-09,0,0.01,0
0.13,1.836E-09,-7.9804E-09,0,0.01,0
0.14,1.8894E-09,-7.7154E-09,0,0.01,0
0.15,1.8109E-09,-7.0502E-09,0,0.01,0
0.16,1.8599E-09,-8.0636E-09,0,0.01,0
0.17,-8.094E-10,2.2E-12,0,0.01,0
0.18,1.7516E-09,-7.941E-09,0,0.01,0
0.19,1.7213E-09,-6.963E-09,0,0.01,0
0.2,1.8773E-09,-7.7564E-09,0,0.01,0
0.21,1.9159E-09,-5.6658E-09,0,0.01,0
0.22,1.8967E-09,-7.0764E-09,0,0.01,0
0.23,1.7083E-09,-6.5436E-09,0,0.01,0
0.24,1.9464E-09,-8.1018E-09,0,0.01,0
0.25,1.7453E-09,-7.4018E-09,0,0.01,0
0.26,1.8519E-09,-7.8766E-09,0,0.01,0
0.27,1.913E-09,-7.1662E-09,0,0.01,0
0.28,1.6742E-09,-6.3348E-09,0,0.01,0
0.29,1.803E-09,-7.8466E-09,0,0.01,0
0.3,2.0071E-09,-7.757E-09,0,0.01,0
0.31,1.7824E-09,-7.032E-09,0,0.01,0
0.32,2.1185E-09,-7.8808E-09,0,0.01,0
0.33,2.3959E-09,-7.7464E-09,0,0.01,0
0.34,1.5076E-09,-7.8914E-09,0,0.01,0
0.35,2.6691E-09,-7.8506E-09,0,0.01,0
0.36,4.1375E-09,-6.9818E-09,0,0.01,0
0.37,5.6763E-09,-5.6148E-09,0,0.01,0
0.38,1.08242E-08,-5.6146E-09,0,0.01,0
0.39,1.50422E-08,-8.064E-09,0,0.01,0
0.4,2.20582E-08,-5.7098E-09,0,0.01,0
0.41,3.45472E-08,-7.7872E-09,0,0.01,0
0.42,6.13544E-08,-7.8502E-09,0,0.01,0
0.43,9.05752E-08,-7.1222E-09,0,0.01,0
0.44,1.3906E-07,-6.8908E-09,0,0.01,0
0.45,2.3548E-07,5.1982E-09,0,0.01,0
0.46,3.6406E-07,-6.1974E-09,0,0.01,0
0.47,6.0886E-07,-7.6944E-09,0,0.01,0
0.48,9.241E-07,5.238E-09,0,0.01,0
0.49,1.3371E-06,-6.6274E-09,0,0.01,0
0.5,2.0186E-06,-6.7838E-09,0,0.01,0
0.51,2.7995E-06,-6.9E-09,0,0.01,0
0.52,3.8476E-06,-6.5426E-09,0,0.01,0
0.53,5.1363E-06,-7.609E-09,0,0.01,0
0.54,6.6364E-06,-6.2946E-09,0,0.01,0
0.55,8.7712E-06,5.2162E-09,0,0.01,0
0.56,1.06746E-05,-8.0554E-09,0,0.01,0
0.57,1.3012E-05,-8.0142E-09,0,0.01,0
0.58,1.5602E-05,-7.044E-09,0,0.01,0
0.59,1.866E-05,-6.952E-09,0,0.01,0
0.6,2.184E-05,-6.748E-09,0,0.01,0
0.61,2.5614E-05,-7.678E-09,0,0.01,0
0.62,2.9338E-05,-8.0628E-09,0,0.01,0
0.63,3.2802E-05,-7.1216E-09,0,0.01,0
0.64,3.6802E-05,-6.9062E-09,0,0.01,0
0.65,4.0814E-05,-6.7606E-09,0,0.01,0
0.66,4.5048E-05,-6.8288E-09,0,0.01,0
0.67,5.0388E-05,-6.4972E-09,0,0.01,0
0.68,5.462E-05,-6.8656E-09,0,0.01,0
0.69,5.914E-05,-7.3144E-09,0,0.01,0
0.7,6.3938E-05,-8.0332E-09,0,0.01,0
0.71,6.82E-05,-7.9348E-09,0,0.01,0
0.72,7.307E-05,-7.77E-09,0,0.01,0
0.73,7.7626E-05,5.19E-09,0,0.01,0
0.74,8.1374E-05,-5.7168E-09,0,0.01,0
0.75,8.5982E-05,-5.5672E-09,0,0.01,0
0.76,9.3652E-05,3.4298E-09,0,0.01,0
0.77,9.6448E-05,-7.3312E-09,0,0.01,0
0.78,0.000100884,5.2314E-09,0,0.01,0
0.79,0.000104596,-5.6588E-09,0,0.01,0
0.8,0.000110516,-7.031E-09,0,0.01,0
0.81,0.00011634,1.9434E-09,0,0.01,0
0.82,0.00011858,-6.4696E-09,0,0.01,0
0.83,0.00012364,-6.6754E-09,0,0.01,0
0.84,0.00012688,-7.0132E-09,0,0.01,0
0.85,0.00013262,-7.9958E-09,0,0.01,0
0.86,0.0001371,-7.038E-09,0,0.01,0
0.87,0.00014142,-6.8E-09,0,0.01,0
0.88,0.00014482,-6.6384E-09,0,0.01,0
0.89,0.00014992,-6.909E-09,0,0.01,0
0.9,0.00015416,-6.7404E-09,0,0.01,0
0.91,0.00016064,-6.741E-09,0,0.01,0
0.92,0.0001653,-6.7166E-09,0,0.01,0
0.93,0.00016918,-7.2082E-09,0,0.01,0
0.94,0.00017266,-7.4442E-09,0,0.01,0
0.95,0.00017268,-7.1436E-09,0,0.01,0
0.96,0.0001797,-7.1464E-09,0,0.01,0
0.97,0.00018174,-6.923E-09,0,0.01,0
0.98,0.00018866,-7.2896E-09,0,0.01,0
0.99,0.0001897,-6.8862E-09,0,0.01,0
1,0.00019852,5.3174E-09,0,0.01,0
1.01,0.00019926,-7.9924E-09,0,0.01,0
1.02,0.00020052,-6.7584E-09,0,0.01,0
1.03,0.0002054,-7.0426E-09,0,0.01,0
1.04,0.00020734,-6.779E-09,0,0.01,0
1.05,0.00021154,-6.5506E-09,0,0.01,0
1.06,0.00021808,-6.6696E-09,0,0.01,0
1.07,0.00022192,-7.2008E-09,0,0.01,0
1.08,0.0002235,5.262E-09,0,0.01,0
1.09,0.00022776,-5.2044E-09,0,0.01,0
1.1,0.0002272,-6.9882E-09,0,0.01,0
1.11,0.00023096,-6.881E-09,0,0.01,0
1.12,0.0002359,-6.7516E-09,0,0.01,0
1.13,0.00024106,-7.5856E-09,0,0.01,0
1.14,0.000243,-7.9368E-09,0,0.01,0
1.15,0.0002452,-7.9852E-09,0,0.01,0
1.16,0.00024854,-7.9664E-09,0,0.01,0
1.17,0.00025138,-7.93E-09,0,0.01,0
1.18,0.00025392,-7.8328E-09,0,0.01,0
1.19,0.0002554,-7.835E-09,0,0.01,0
1.2,0.00025668,-6.9312E-09,0,0.01,0
1.21,0.00025882,-5.5846E-09,0,0.01,0
1.22,0.000268,4.978E-09,0,0.01,0
1.23,0.00026556,-4.1484E-09,0,0.01,0
1.24,0.0002704,2.4373E-09,0,0.01,0
1.25,0.0002696,-4.4009E-09,0,0.01,0
1.26,0.0002793,2.1286E-09,0,0.01,0
1.27,0.00027442,-5.9718E-09,0,0.01,0
1.28,0.00028,4.2857E-09,0,0.01,0
1.29,0.00028482,-5.5917E-09,0,0.01,0
1.3,0.0002798,2.1205E-09,0,0.01,0
1.31,0.00029024,2.2442E-09,0,0.01,0
1.32,0.00028496,2.1247E-09,0,0.01,0
1.33,0.00029298,4.6156E-09,0,0.01,0
1.34,0.00029114,-4.0823E-09,0,0.01,0
1.35,0.00029572,2.4258E-09,0,0.01,0
1.36,0.00029164,-4.3646E-09,0,0.01,0
1.37,0.00030208,2.0588E-09,0,0.01,0
1.38,0.00029448,-5.0619E-09,0,0.01,0
1.39,0.00030298,4.3069E-09,0,0.01,0
1.4,0.0003055,-6.0096E-09,0,0.01,0
1.41,0.00030072,2.7958E-09,0,0.01,0
1.42,0.000307,3.1626E-09,0,0.01,0
1.43,0.00030288,-2.1924E-09,0,0.01,0
1.44,0.0003102,3.2053E-09,0,0.01,0
1.45,0.00030972,-4.317E-09,0,0.01,0
1.46,0.00031404,1.9196E-09,0,0.01,0
1.47,0.00030958,-4.6923E-09,0,0.01,0
1.48,0.00031926,3.8584E-09,0,0.01,0
1.49,0.0003174,-6.003E-09,0,0.01,0
1.5,0.00031524,4.1375E-09,0,0.01,0
1.51,0.00032372,4.856E-10,0,0.01,0
1.52,0.00031932,-1.2535E-09,0,0.01,0
1.53,0.00032516,5.2058E-09,0,0.01,0
1.54,0.000321,-2.4095E-09,0,0.01,0
1.55,0.00032484,4.4707E-09,0,0.01,0
1.56,0.00032524,-4.3655E-09,0,0.01,0
1.57,0.00033096,1.8087E-09,0,0.01,0
1.58,0.000322,-5.1991E-09,0,0.01,0
1.59,0.00033566,3.2917E-09,0,0.01,0
1.6,0.00033192,-6.0458E-09,0,0.01,0
1.61,0.00032728,3.9852E-09,0,0.01,0
1.62,0.00033782,-1.662E-09,0,0.01,0
1.63,0.00033282,-1.2965E-09,0,0.01,0
1.64,0.00033682,4.4277E-09,0,0.01,0
1.65,0.00033554,-4.295E-09,0,0.01,0
1.66,0.0003414,2.0159E-09,0,0.01,0
1.67,0.00033508,-4.5168E-09,0,0.01,0
1.68,0.00034336,3.1784E-09,0,0.01,0
1.69,0.0003386,-5.9237E-09,0,0.01,0
1.7,0.00033886,4.3835E-09,0,0.01,0
1.71,0.00034276,-6.3344E-09,0,0.01,0
1.72,0.00033922,4.3093E-09,0,0.01,0
1.73,0.00034936,-3.0154E-09,0,0.01,0
1.74,0.00034086,-1.064E-10,0,0.01,0
1.75,0.00034784,5.1996E-09,0,0.01,0
1.76,0.00034558,-4.1582E-09,0,0.01,0
1.77,0.00034804,1.8817E-09,0,0.01,0
1.78,0.00034278,-4.7024E-09,0,0.01,0
1.79,0.00035548,3.8772E-09,0,0.01,0
1.8,0.00034824,-6.347E-09,0,0.01,0
0,1.48782E-08,-1.07844E-08,0,0.01,-0.1
0.01,1.46962E-08,-2.10228E-08,0,0.01,-0.1
0.02,1.35554E-08,-1.56506E-08,0,0.01,-0.1
0.03,1.32458E-08,-1.1363E-08,0,0.01,-0.1
0.04,1.23148E-08,-1.06536E-08,0,0.01,-0.1
0.05,1.22466E-08,-1.07266E-08,0,0.01,-0.1
0.06,1.24658E-08,-1.04138E-08,0,0.01,-0.1
0.07,1.21752E-08,-1.09778E-08,0,0.01,-0.1
0.08,1.22082E-08,-1.14756E-08,0,0.01,-0.1
0.09,1.26972E-08,-9.2462E-09,0,0.01,-0.1
0.1,1.22534E-08,-1.14956E-08,0,0.01,-0.1
0.11,1.23764E-08,-1.09946E-08,0,0.01,-0.1
0.12,1.24672E-08,-8.8526E-09,0,0.01,-0.1
0.13,1.2415E-08,-9.547E-09,0,0.01,-0.1
0.14,1.21052E-08,-1.0879E-08,0,0.01,-0.1
0.15,1.27922E-08,-9.574E-09,0,0.01,-0.1
0.16,1.25082E-08,-1.13524E-08,0,0.01,-0.1
0.17,1.34422E-08,-1.1282E-08,0,0.01,-0.1
0.18,1.34516E-08,-1.11348E-08,0,0.01,-0.1
0.19,1.37964E-08,-9.7802E-09,0,0.01,-0.1
0.2,1.2807E-08,-1.13776E-08,0,0.01,-0.1
0.21,1.35572E-08,-1.2836E-08,0,0.01,-0.1
0.22,1.30024E-08,-8.5222E-09,0,0.01,-0.1
0.23,1.3024E-08,-9.1416E-09,0,0.01,-0.1
0.24,1.35584E-08,-9.3564E-09,0,0.01,-0.1
0.25,1.29056E-08,-1.0068E-08,0,0.01,-0.1
0.26,1.26934E-08,-1.11702E-08,0,0.01,-0.1
0.27,1.26952E-08,-8.406E-09,0,0.01,-0.1
0.28,1.27546E-08,-1.10824E-08,0,0.01,-0.1
0.29,1.26924E-08,-8.953E-09,0,0.01,-0.1
0.3,1.25496E-08,-9.7348E-09,0,0.01,-0.1
0.31,1.28124E-08,-1.09136E-08,0,0.01,-0.1
0.32,1.28646E-08,-1.07932E-08,0,0.01,-0.1
0.33,1.28178E-08,-1.11022E-08,0,0.01,-0.1
0.34,1.31152E-08,-1.07056E-08,0,0.01,-0.1
0.35,1.37314E-08,-9.094E-09,0,0.01,-0.1
0.36,1.52104E-08,-8.8706E-09,0,0.01,-0.1
0.37,1.72122E-08,-1.07672E-08,0,0.01,-0.1
0.38,1.78958E-08,-1.0068E-08,0,0.01,-0.1
0.39,2.08232E-08,-1.19058E-08,0,0.01,-0.1
0.4,2.40894E-08,-8.5794E-09,0,0.01,-0.1
0.41,3.17484E-08,-8.8458E-09,0,0.01,-0.1
0.42,3.70888E-08,-1.12412E-08,0,0.01,-0.1
0.43,5.6214E-08,-1.08986E-08,0,0.01,-0.1
0.44,7.66984E-08,-9.3026E-09,0,0.01,-0.1
0.45,1.3166E-07,-1.73022E-08,0,0.01,-0.1
0.46,1.9458E-07,-1.44698E-08,0,0.01,-0.1
0.47,2.8934E-07,-1.1281E-08,0,0.01,-0.1
0.48,4.7232E-07,-1.14886E-08,0,0.01,-0.1
0.49,7.2966E-07,-2.07254E-08,0,0.01,-0.1
0.5,1.1227E-06,-9.2176E-09,0,0.01,-0.1
0.51,1.6863E-06,-1.91978E-08,0,0.01,-0.1
0.52,2.4368E-06,-1.0809E-08,0,0.01,-0.1
0.53,3.2394E-06,-1.24174E-08,0,0.01,-0.1
0.54,4.363E-06,-1.99826E-08,0,0.01,-0.1
0.55,5.9178E-06,-1.10778E-08,0,0.01,-0.1
0.56,7.4473E-06,-1.18434E-08,0,0.01,-0.1
0.57,9.2847E-06,-2.10728E-08,0,0.01,-0.1
0.58,1.1852E-05,-1.3419E-08,0,0.01,-0.1
0.59,1.4394E-05,-1.09556E-08,0,0.01,-0.1
0.6,1.6708E-05,-1.23416E-08,0,0.01,-0.1
0.61,1.9956E-05,-2.1319E-08,0,0.01,-0.1
0.62,2.3888E-05,-1.28048E-08,0,0.01,-0.1
0.63,2.7052E-05,-1.70554E-08,0,0.01,-0.1
0.64,3.1128E-05,-1.64762E-08,0,0.01,-0.1
0.65,3.4874E-05,-9.478E-09,0,0.01,-0.1
0.66,3.8146E-05,-1.29828E-08,0,0.01,-0.1
0.67,4.2536E-05,-2.1745E-08,0,0.01,-0.1
0.68,4.751E-05,-1.10626E-08,0,0.01,-0.1
0.69,5.1216E-05,-1.2864E-08,0,0.01,-0.1
0.7,5.505E-05,-2.07108E-08,0,0.01,-0.1
0.71,6.1392E-05,-1.21368E-08,0,0.01,-0.1
0.72,6.4886E-05,-1.33714E-08,0,0.01,-0.1
0.73,6.8754E-05,-2.07576E-08,0,0.01,-0.1
0.74,7.511E-05,-1.1247E-08,0,0.01,-0.1
0.75,7.873E-05,-1.4089E-08,0,0.01,-0.1
0.76,8.2786E-05,-2.0335E-08,0,0.01,-0.1
0.77,8.8816E-05,-9.742E-09,0,0.01,-0.1
0.78,9.2144E-05,-1.08408E-08,0,0.01,-0.1
0.79,9.7348E-05,-2.05318E-08,0,0.01,-0.1
0.8,0.000103054,-8.8426E-09,0,0.01,-0.1
0.81,0.000106318,-1.12558E-08,0,0.01,-0.1
0.82,0.000110722,-1.9997E-08,0,0.01,-0.1
0.83,0.00011792,-1.15484E-08,0,0.01,-0.1
0.84,0.00012018,-1.2545E-08,0,0.01,-0.1
0.85,0.00012502,-2.13358E-08,0,0.01,-0.1
0.86,0.00013136,-1.19502E-08,0,0.01,-0.1
0.87,0.000134,-1.44162E-08,0,0.01,-0.1
0.88,0.00013704,-2.02062E-08,0,0.01,-0.1
0.89,0.00014396,-1.12554E-08,0,0.01,-0.1
0.9,0.000147,-1.29978E-08,0,0.01,-0.1
0.91,0.00014984,-2.0112E-08,0,0.01,-0.1
0.92,0.00015812,-1.16454E-08,0,0.01,-0.1
0.93,0.00015972,-1.43284E-08,0,0.01,-0.1
0.94,0.00016206,-1.93974E-08,0,0.01,-0.1
0.95,0.0001697,-9.0592E-09,0,0.01,-0.1
0.96,0.0001697,-1.04678E-08,0,0.01,-0.1
0.97,0.00017432,-1.99798E-08,0,0.01,-0.1
0.98,0.00018238,-1.22414E-08,0,0.01,-0.1
0.99,0.0001843,-1.44342E-08,0,0.01,-0.1
1,0.00018436,-1.82232E-08,0,0.01,-0.1
1.01,0.00019348,-7.9518E-09,0,0.01,-0.1
1.02,0.00019398,-8.899E-09,0,0.01,-0.1
1.03,0.00019654,-1.8884E-08,0,0.01,-0.1
1.04,0.00020438,-8.9216E-09,0,0.01,-0.1
1.05,0.00020456,-1.15962E-08,0,0.01,-0.1
1.06,0.0002057,-1.99318E-08,0,0.01,-0.1
1.07,0.00021474,-8.2572E-09,0,0.01,-0.1
1.08,0.00021528,-1.18232E-08,0,0.01,-0.1
1.09,0.00021664,-1.9801E-08,0,0.01,-0.1
1.1,0.00022316,-1.09706E-08,0,0.01,-0.1
1.11,0.0002242,-1.12082E-08,0,0.01,-0.1
1.12,0.00022558,-1.9027E-08,0,0.01,-0.1
1.13,0.00023446,-1.14354E-08,0,0.01,-0.1
1.14,0.00023418,-1.27744E-08,0,0.01,-0.1
1.15,0.0002349,-1.9559E-08,0,0.01,-0.1
1.16,0.00024254,-1.1383E-08,0,0.01,-0.1
1.17,0.00024302,-1.31632E-08,0,0.01,-0.1
1.18,0.0002434,-2.03994E-08,0,0.01,-0.1
1.19,0.00025084,-8.5734E-09,0,0.01,-0.1
1.2,0.00024984,-1.19658E-08,0,0.01,-0.1
1.21,0.0002525,-2.10426E-08,0,0.01,-0.1
1.22,0.00025918,-9.509E-09,0,0.01,-0.1
1.23,0.0002577,-1.20904E-08,0,0.01,-0.1
1.24,0.00026178,-2.0825E-08,0,0.01,-0.1
1.25,0.00026692,-1.11072E-08,0,0.01,-0.1
1.26,0.00026454,-1.26228E-08,0,0.01,-0.1
1.27,0.0002668,-1.93914E-08,0,0.01,-0.1
1.28,0.00027298,-1.12404E-08,0,0.01,-0.1
1.29,0.00027216,-1.29986E-08,0,0.01,-0.1
1.3,0.00027404,-2.11686E-08,0,0.01,-0.1
1.31,0.00027972,-1.02254E-08,0,0.01,-0.1
1.32,0.00027866,-1.22766E-08,0,0.01,-0.1
1.33,0.00027868,-1.95236E-08,0,0.01,-0.1
1.34,0.000288,-1.09596E-08,0,0.01,-0.1
1.35,0.00028598,-1.40914E-08,0,0.01,-0.1
1.36,0.00028618,-1.9835E-08,0,0.01,-0.1
1.37,0.00029442,-1.16176E-08,0,0.01,-0.1
1.38,0.00029198,-1.35796E-08,0,0.01,-0.1
1.39,0.00029242,-2.11482E-08,0,0.01,-0.1
1.4,0.0002991,-1.04114E-08,0,0.01,-0.1
1.41,0.00029316,-9.8994E-09,0,0.01,-0.1
1.42,0.0002981,-2.09372E-08,0,0.01,-0.1
1.43,0.00030372,-1.14952E-08,0,0.01,-0.1
1.44,0.00030102,-1.24362E-08,0,0.01,-0.1
1.45,0.00030256,-2.02606E-08,0,0.01,-0.1
1.46,0.00030824,-9.743E-09,0,0.01,-0.1
1.47,0.0003026,-1.1357E-08,0,0.01,-0.1
1.48,0.00030724,-2.08126E-08,0,0.01,-0.1
1.49,0.00031316,-1.09182E-08,0,0.01,-0.1
1.5,0.00031046,-1.38564E-08,0,0.01,-0.1
1.51,0.00030776,-1.93898E-08,0,0.01,-0.1
1.52,0.00031926,-1.17004E-08,0,0.01,-0.1
1.53,0.00031608,-1.50858E-08,0,0.01,-0.1
1.54,0.00031406,-2.18716E-08,0,0.01,-0.1
1.55,0.00032126,-1.01886E-08,0,0.01,-0.1
1.56,0.00031744,-1.35714E-08,0,0.01,-0.1
1.57,0.00031854,-2.00828E-08,0,0.01,-0.1
1.58,0.00032476,-1.05518E-08,0,0.01,-0.1
1.59,0.0003212,-1.29126E-08,0,0.01,-0.1
1.6,0.00032374,-2.20946E-08,0,0.01,-0.1
1.61,0.00032738,-1.07654E-08,0,0.01,-0.1
1.62,0.00032624,-1.35392E-08,0,0.01,-0.1
1.63,0.00032316,-2.0882E-08,0,0.01,-0.1
1.64,0.00033456,-9.4762E-09,0,0.01,-0.1
1.65,0.00032812,-1.0119E-08,0,0.01,-0.1
1.66,0.00032786,-2.0174E-08,0,0.01,-0.1
1.67,0.000336,-1.25362E-08,0,0.01,-0.1
1.68,0.0003327,-1.49132E-08,0,0.01,-0.1
1.69,0.00033764,-1.70096E-08,0,0.01,-0.1
1.7,0.00033748,-1.11156E-08,0,0.01,-0.1
1.71,0.0003339,-1.26028E-08,0,0.01,-0.1
1.72,0.00033374,-2.03752E-08,0,0.01,-0.1
1.73,0.00033864,-9.7702E-09,0,0.01,-0.1
1.74,0.0003367,-1.22226E-08,0,0.01,-0.1
1.75,0.00033832,-2.13686E-08,0,0.01,-0.1
1.76,0.0003421,-1.02048E-08,0,0.01,-0.1
1.77,0.00033938,-1.22624E-08,0,0.01,-0.1
1.78,0.00033724,-1.93652E-08,0,0.01,-0.1
1.79,0.00034576,-1.17542E-08,0,0.01,-0.1
1.8,0.00034138,-1.37592E-08,0,0.01,-0.1
0,4.84302E-08,-4.9739E-08,0,0.01,-0.2
0.01,4.86446E-08,-4.50684E-08,0,0.01,-0.2
0.02,5.1768E-08,-4.54912E-08,0,0.01,-0.2
0.03,5.03548E-08,-5.1925E-08,0,0.01,-0.2
0.04,4.98642E-08,-5.40362E-08,0,0.01,-0.2
0.05,4.87068E-08,-5.46188E-08,0,0.01,-0.2
0.06,4.81694E-08,-4.6075E-08,0,0.01,-0.2
0.07,4.79484E-08,-4.7426E-08,0,0.01,-0.2
0.08,4.85948E-08,-4.3357E-08,0,0.01,-0.2
0.09,5.0701E-08,-4.81984E-08,0,0.01,-0.2
0.1,5.2916E-08,-5.33138E-08,0,0.01,-0.2
0.11,5.1369E-08,-5.44746E-08,0,0.01,-0.2
0.12,4.88598E-08,-5.16104E-08,0,0.01,-0.2
0.13,4.98624E-08,-4.53588E-08,0,0.01,-0.2
0.14,4.82186E-08,-4.68368E-08,0,0.01,-0.2
0.15,5.09528E-08,-4.51806E-08,0,0.01,-0.2
0.16,5.16692E-08,-4.98052E-08,0,0.01,-0.2
0.17,5.04352E-08,-5.19692E-08,0,0.01,-0.2
0.18,4.9799E-08,-5.49844E-08,0,0.01,-0.2
0.19,4.69498E-08,-5.01424E-08,0,0.01,-0.2
0.2,4.6624E-08,-4.32466E-08,0,0.01,-0.2
0.21,4.59124E-08,-4.52918E-08,0,0.01,-0.2
0.22,4.86264E-08,-4.47046E-08,0,0.01,-0.2
0.23,5.15748E-08,-4.76766E-08,0,0.01,-0.2
0.24,5.04892E-08,-5.24472E-08,0,0.01,-0.2
0.25,4.93692E-08,-5.3993E-08,0,0.01,-0.2
0.26,4.81978E-08,-5.04912E-08,0,0.01,-0.2
0.27,4.7147E-08,-4.5188E-08,0,0.01,-0.2
0.28,4.82718E-08,-4.45392E-08,0,0.01,-0.2
0.29,4.98072E-08,-4.42906E-08,0,0.01,-0.2
0.3,4.91054E-08,-5.22656E-08,0,0.01,-0.2
0.31,5.01134E-08,-5.29512E-08,0,0.01,-0.2
0.32,4.83822E-08,-5.53186E-08,0,0.01,-0.2
0.33,4.73158E-08,-4.57946E-08,0,0.01,-0.2
0.34,4.7217E-08,-4.59468E-08,0,0.01,-0.2
0.35,4.77372E-08,-4.39812E-08,0,0.01,-0.2
0.36,4.91072E-08,-4.68944E-08,0,0.01,-0.2
0.37,5.1139E-08,-5.15772E-08,0,0.01,-0.2
0.38,5.08882E-08,-5.32462E-08,0,0.01,-0.2
0.39,5.05634E-08,-5.24422E-08,0,0.01,-0.2
0.4,5.43608E-08,-4.58244E-08,0,0.01,-0.2
0.41,5.6574E-08,-4.63354E-08,0,0.01,-0.2
0.42,5.90696E-08,-4.29152E-08,0,0.01,-0.2
0.43,6.8314E-08,-4.3857E-08,0,0.01,-0.2
0.44,7.86744E-08,-5.15676E-08,0,0.01,-0.2
0.45,9.26768E-08,-5.43964E-08,0,0.01,-0.2
0.46,1.3478E-07,-4.36262E-08,0,0.01,-0.2
0.47,1.858E-07,-5.27658E-08,0,0.01,-0.2
0.48,2.8052E-07,-4.90646E-08,0,0.01,-0.2
0.49,4.2412E-07,-4.49302E-08,0,0.01,-0.2
0.5,6.2916E-07,-5.4481E-08,0,0.01,-0.2
0.51,9.95E-07,-4.42712E-08,0,0.01,-0.2
0.52,1.3707E-06,-4.754E-08,0,0.01,-0.2
0.53,2.0163E-06,-4.58954E-08,0,0.01,-0.2
0.54,2.6898E-06,-4.7573E-08,0,0.01,-0.2
0.55,3.8306E-06,-5.52816E-08,0,0.01,-0.2
0.56,5.1477E-06,-4.82378E-08,0,0.01,-0.2
0.57,6.5135E-06,-5.05446E-08,0,0.01,-0.2
0.58,8.4555E-06,-5.45362E-08,0,0.01,-0.2
0.59,1.07544E-05,-4.6581E-08,0,0.01,-0.2
0.6,1.2664E-05,-4.71202E-08,0,0.01,-0.2
0.61,1.5414E-05,-5.70088E-08,0,0.01,-0.2
0.62,1.8646E-05,-4.71332E-08,0,0.01,-0.2
0.63,2.149E-05,-5.00762E-08,0,0.01,-0.2
0.64,2.5422E-05,-5.2188E-08,0,0.01,-0.2
0.65,2.9314E-05,-4.42272E-08,0,0.01,-0.2
0.66,3.2348E-05,-5.16962E-08,0,0.01,-0.2
0.67,3.6784E-05,-4.65766E-08,0,0.01,-0.2
0.68,3.9774E-05,-4.49508E-08,0,0.01,-0.2
0.69,4.4328E-05,-5.44964E-08,0,0.01,-0.2
0.7,4.9426E-05,-4.31668E-08,0,0.01,-0.2
0.71,5.3086E-05,-4.83164E-08,0,0.01,-0.2
0.72,5.8204E-05,-5.68876E-08,0,0.01,-0.2
0.73,6.3518E-05,-4.60372E-08,0,0.01,-0.2
0.74,6.7258E-05,-5.1738E-08,0,0.01,-0.2
0.75,7.2818E-05,-5.06848E-08,0,0.01,-0.2
0.76,7.716E-05,-4.36462E-08,0,0.01,-0.2
0.77,8.0316E-05,-5.1019E-08,0,0.01,-0.2
0.78,8.6114E-05,-4.25554E-08,0,0.01,-0.2
0.79,8.9684E-05,-4.63466E-08,0,0.01,-0.2
0.8,9.4162E-05,-5.33136E-08,0,0.01,-0.2
0.81,0.000100924,-4.54766E-08,0,0.01,-0.2
0.82,0.00010388,-4.881E-08,0,0.01,-0.2
0.83,0.00011057,-5.00064E-08,0,0.01,-0.2
0.84,0.000114506,-4.26466E-08,0,0.01,-0.2
0.85,0.00011802,-5.04498E-08,0,0.01,-0.2
0.86,0.00012422,-4.60398E-08,0,0.01,-0.2
0.87,0.00012702,-4.84996E-08,0,0.01,-0.2
0.88,0.00013414,-4.99222E-08,0,0.01,-0.2
0.89,0.00013856,-4.32282E-08,0,0.01,-0.2
0.9,0.0001399,-5.13832E-08,0,0.01,-0.2
0.91,0.00014588,-4.29992E-08,0,0.01,-0.2
0.92,0.0001473,-4.30738E-08,0,0.01,-0.2
0.93,0.00015144,-5.53116E-08,0,0.01,-0.2
0.94,0.00015958,-4.61512E-08,0,0.01,-0.2
0.95,0.00016064,-4.8094E-08,0,0.01,-0.2
0.96,0.00016864,-5.21242E-08,0,0.01,-0.2
0.97,0.00017248,-4.39924E-08,0,0.01,-0.2
0.98,0.000173,-5.18036E-08,0,0.01,-0.2
0.99,0.00017964,-4.57028E-08,0,0.01,-0.2
1,0.00018016,-4.25304E-08,0,0.01,-0.2
1.01,0.0001823,-5.27798E-08,0,0.01,-0.2
1.02,0.00018976,-4.33924E-08,0,0.01,-0.2
1.03,0.00019064,-4.50894E-08,0,0.01,-0.2
1.04,0.00019536,-5.4564E-08,0,0.01,-0.2
1.05,0.00020238,-4.5059E-08,0,0.01,-0.2
1.06,0.000202,-4.95238E-08,0,0.01,-0.2
1.07,0.00021066,-5.0474E-08,0,0.01,-0.2
1.08,0.00021386,-4.31866E-08,0,0.01,-0.2
1.09,0.00021256,-5.15036E-08,0,0.01,-0.2
1.1,0.00022014,-4.31044E-08,0,0.01,-0.2
1.11,0.00021636,-4.28824E-08,0,0.01,-0.2
1.12,0.00022022,-5.30568E-08,0,0.01,-0.2
1.13,0.00022878,-4.48582E-08,0,0.01,-0.2
1.14,0.00022868,-4.70728E-08,0,0.01,-0.2
1.15,0.00023522,-5.25458E-08,0,0.01,-0.2
1.16,0.000241,-4.4199E-08,0,0.01,-0.2
1.17,0.00023724,-5.1571E-08,0,0.01,-0.2
1.18,0.00024414,-4.57658E-08,0,0.01,-0.2
1.19,0.00024398,-4.14494E-08,0,0.01,-0.2
1.2,0.00024334,-5.34804E-08,0,0.01,-0.2
1.21,0.00025016,-4.28308E-08,0,0.01,-0.2
1.22,0.00024964,-4.49398E-08,0,0.01,-0.2
1.23,0.00025294,-5.3005E-08,0,0.01,-0.2
1.24,0.00026054,-4.54966E-08,0,0.01,-0.2
1.25,0.0002583,-4.85536E-08,0,0.01,-0.2
1.26,0.0002667,-5.02044E-08,0,0.01,-0.2
1.27,0.00027016,-4.35648E-08,0,0.01,-0.2
1.28,0.000266,-5.04424E-08,0,0.01,-0.2
1.29,0.00027186,-4.67418E-08,0,0.01,-0.2
1.3,0.00027118,-4.1469E-08,0,0.01,-0.2
1.31,0.00026966,-5.28536E-08,0,0.01,-0.2
1.32,0.00027798,-4.66806E-08,0,0.01,-0.2
1.33,0.00027758,-4.9418E-08,0,0.01,-0.2
1.34,0.00027842,-5.49438E-08,0,0.01,-0.2
1.35,0.00028482,-4.68206E-08,0,0.01,-0.2
1.36,0.0002854,-5.00894E-08,0,0.01,-0.2
1.37,0.00029068,-4.79094E-08,0,0.01,-0.2
1.38,0.000291,-4.2811E-08,0,0.01,-0.2
1.39,0.00028728,-5.38084E-08,0,0.01,-0.2
1.4,0.0002927,-4.52212E-08,0,0.01,-0.2
1.41,0.0002901,-4.65768E-08,0,0.01,-0.2
1.42,0.0002966,-5.32266E-08,0,0.01,-0.2
1.43,0.00030298,-4.45978E-08,0,0.01,-0.2
1.44,0.00029948,-5.10076E-08,0,0.01,-0.2
1.45,0.00030492,-4.7543E-08,0,0.01,-0.2
1.46,0.00030514,-4.18792E-08,0,0.01,-0.2
1.47,0.00030142,-5.1812E-08,0,0.01,-0.2
1.48,0.00030864,-4.29074E-08,0,0.01,-0.2
1.49,0.00030548,-4.22494E-08,0,0.01,-0.2
1.5,0.00030398,-5.25578E-08,0,0.01,-0.2
1.51,0.00031226,-4.28718E-08,0,0.01,-0.2
1.52,0.00030952,-4.44668E-08,0,0.01,-0.2
1.53,0.00031558,-5.33122E-08,0,0.01,-0.2
1.54,0.0003171,-4.4207E-08,0,0.01,-0.2
1.55,0.00031642,-5.05242E-08,0,0.01,-0.2
1.56,0.00032304,-4.74666E-08,0,0.01,-0.2
1.57,0.0003238,-4.38252E-08,0,0.01,-0.2
1.58,0.00031536,-5.22198E-08,0,0.01,-0.2
1.59,0.00032538,-4.42736E-08,0,0.01,-0.2
1.6,0.00031948,-4.1131E-08,0,0.01,-0.2
1.61,0.00031826,-5.25146E-08,0,0.01,-0.2
1.62,0.0003258,-4.26962E-08,0,0.01,-0.2
1.63,0.00032338,-4.56268E-08,0,0.01,-0.2
1.64,0.00032468,-5.33506E-08,0,0.01,-0.2
1.65,0.0003302,-4.49814E-08,0,0.01,-0.2
1.66,0.00032708,-4.73838E-08,0,0.01,-0.2
1.67,0.00033558,-5.0236E-08,0,0.01,-0.2
1.68,0.00033578,-4.30652E-08,0,0.01,-0.2
1.69,0.0003302,-5.15726E-08,0,0.01,-0.2
1.7,0.00033436,-4.27184E-08,0,0.01,-0.2
1.71,0.00032836,-4.3171E-08,0,0.01,-0.2
1.72,0.00032956,-5.51412E-08,0,0.01,-0.2
1.73,0.00033852,-4.54962E-08,0,0.01,-0.2
1.74,0.00033518,-5.14662E-08,0,0.01,-0.2
1.75,0.00034082,-4.73382E-08,0,0.01,-0.2
1.76,0.00033764,-4.20664E-08,0,0.01,-0.2
1.77,0.0003359,-5.08078E-08,0,0.01,-0.2
1.78,0.00034118,-4.37264E-08,0,0.01,-0.2
1.79,0.00033892,-4.73488E-08,0,0.01,-0.2
1.8,0.00034606,-5.1582E-08,0,0.01,-0.2
0,1.0718E-07,-1.090288E-07,0,0.01,-0.3
0.01,1.0974E-07,-1.0324E-07,0,0.01,-0.3
0.02,1.12E-07,-1.0936E-07,0,0.01,-0.3
0.03,1.0774E-07,-1.1352E-07,0,0.01,-0.3
0.04,1.1154E-07,-1.0244E-07,0,0.01,-0.3
0.05,1.085E-07,-1.1754E-07,0,0.01,-0.3
0.06,1.0836E-07,-1.0738E-07,0,0.01,-0.3
0.07,1.0792E-07,-1.037E-07,0,0.01,-0.3
0.08,1.0644E-07,-1.0998E-07,0,0.01,-0.3
0.09,1.1168E-07,-1.04E-07,0,0.01,-0.3
0.1,1.0386E-07,-1.1878E-07,0,0.01,-0.3
0.11,1.103E-07,-1.1098E-07,0,0.01,-0.3
0.12,1.0884E-07,-1.0552E-07,0,0.01,-0.3
0.13,1.0766E-07,-1.1096E-07,0,0.01,-0.3
0.14,1.0594E-07,-1.027E-07,0,0.01,-0.3
0.15,1.069E-07,-1.1152E-07,0,0.01,-0.3
0.16,1.088E-07,-1.0244E-07,0,0.01,-0.3
0.17,1.0906E-07,-1.054888E-07,0,0.01,-0.3
0.18,1.0648E-07,-1.046E-07,0,0.01,-0.3
0.19,1.0826E-07,-1.0562E-07,0,0.01,-0.3
0.2,1.0696E-07,-1.121E-07,0,0.01,-0.3
0.21,1.0396E-07,-1.0312E-07,0,0.01,-0.3
0.22,1.0756E-07,-1.0252E-07,0,0.01,-0.3
0.23,1.0572E-07,-1.1524E-07,0,0.01,-0.3
0.24,1.0768E-07,-1.0512E-07,0,0.01,-0.3
0.25,1.1128E-07,-1.064918E-07,0,0.01,-0.3
0.26,1.074E-07,-1.008E-07,0,0.01,-0.3
0.27,1.1012E-07,-1.0914E-07,0,0.01,-0.3
0.28,1.065E-07,-1.0988E-07,0,0.01,-0.3
0.29,1.1124E-07,-1.004E-07,0,0.01,-0.3
0.3,1.0524E-07,-1.2136E-07,0,0.01,-0.3
0.31,1.101E-07,-1.1244E-07,0,0.01,-0.3
0.32,1.094E-07,-1.048E-07,0,0.01,-0.3
0.33,1.0692E-07,-1.1162E-07,0,0.01,-0.3
0.34,1.092E-07,-1.0046E-07,0,0.01,-0.3
0.35,1.09E-07,-1.207E-07,0,0.01,-0.3
0.36,1.0788E-07,-1.0858E-07,0,0.01,-0.3
0.37,1.1262E-07,-1.102E-07,0,0.01,-0.3
0.38,1.1062E-07,-1.1428E-07,0,0.01,-0.3
0.39,1.1302E-07,-1.0522E-07,0,0.01,-0.3
0.4,1.1326E-07,-1.0928E-07,0,0.01,-0.3
0.41,1.1634E-07,-1.2E-07,0,0.01,-0.3
0.42,1.2008E-07,-1.0042E-07,0,0.01,-0.3
0.43,1.1392E-07,-1.058E-07,0,0.01,-0.3
0.44,1.2856E-07,-1.1412E-07,0,0.01,-0.3
0.45,1.4484E-07,-1.0822E-07,0,0.01,-0.3
0.46,1.6328E-07,-1.1968E-07,0,0.01,-0.3
0.47,1.722E-07,-1.135E-07,0,0.01,-0.3
0.48,2.2436E-07,-1.0486E-07,0,0.01,-0.3
0.49,3.1026E-07,-1.1118E-07,0,0.01,-0.3
0.5,4.3034E-07,-1.0404E-07,0,0.01,-0.3
0.51,6.0628E-07,-1.2184E-07,0,0.01,-0.3
0.52,9.2942E-07,-1.1168E-07,0,0.01,-0.3
0.53,1.2735E-06,-1.1966E-07,0,0.01,-0.3
0.54,1.8084E-06,-1.1592E-07,0,0.01,-0.3
0.55,2.5273E-06,-1.2186E-07,0,0.01,-0.3
0.56,3.5205E-06,-1.084E-07,0,0.01,-0.3
0.57,4.6187E-06,-1.121E-07,0,0.01,-0.3
0.58,5.9418E-06,-1.067E-07,0,0.01,-0.3
0.59,7.8057E-06,-1.1558E-07,0,0.01,-0.3
0.6,9.5926E-06,-1.034E-07,0,0.01,-0.3
0.61,1.2116E-05,-1.1792E-07,0,0.01,-0.3
0.62,1.4384E-05,-1.0258E-07,0,0.01,-0.3
0.63,1.7328E-05,-9.47E-08,0,0.01,-0.3
0.64,2.0146E-05,-1.1226E-07,0,0.01,-0.3
0.65,2.3974E-05,-1.0958E-07,0,0.01,-0.3
0.66,2.7072E-05,-1.139E-07,0,0.01,-0.3
0.67,3.0238E-05,-1.0492E-07,0,0.01,-0.3
0.68,3.5034E-05,-1.1772E-07,0,0.01,-0.3
0.69,3.862E-05,-1.099E-07,0,0.01,-0.3
0.7,4.3342E-05,-1.038E-07,0,0.01,-0.3
0.71,4.6634E-05,-1.1358E-07,0,0.01,-0.3
0.72,5.2132E-05,-1.0828E-07,0,0.01,-0.3
0.73,5.6452E-05,-1.1616E-07,0,0.01,-0.3
0.74,6.1044E-05,-1.0584E-07,0,0.01,-0.3
0.75,6.4284E-05,-1.0394E-07,0,0.01,-0.3
0.76,6.8518E-05,-1.068592E-07,0,0.01,-0.3
0.77,7.5258E-05,-1.0952E-07,0,0.01,-0.3
0.78,7.9076E-05,-1.1074E-07,0,0.01,-0.3
0.79,8.2438E-05,-1.0246E-07,0,0.01,-0.3
0.8,8.8534E-05,-1.2158E-07,0,0.01,-0.3
0.81,9.2518E-05,-1.0212E-07,0,0.01,-0.3
0.82,9.7946E-05,-1.0252E-07,0,0.01,-0.3
0.83,0.000100522,-1.0854E-07,0,0.01,-0.3
0.84,0.000105542,-1.04E-07,0,0.01,-0.3
0.85,0.000112182,-1.1568E-07,0,0.01,-0.3
0.86,0.000114894,-1.091E-07,0,0.01,-0.3
0.87,0.0001195,-1.0118E-07,0,0.01,-0.3
0.88,0.00012584,-1.2016E-07,0,0.01,-0.3
0.89,0.00012836,-9.984E-08,0,0.01,-0.3
0.9,0.0001351,-9.648E-08,0,0.01,-0.3
0.91,0.00013738,-1.1394E-07,0,0.01,-0.3
0.92,0.00014368,-1.0644E-07,0,0.01,-0.3
0.93,0.00014482,-1.1444E-07,0,0.01,-0.3
0.94,0.00014906,-1.0296E-07,0,0.01,-0.3
0.95,0.00015538,-1.2056E-07,0,0.01,-0.3
0.96,0.00015858,-1.1172E-07,0,0.01,-0.3
0.97,0.0001639,-1.0532E-07,0,0.01,-0.3
0.98,0.00016454,-1.1458E-07,0,0.01,-0.3
0.99,0.00017142,-1.052E-07,0,0.01,-0.3
1,0.00017746,-1.1702E-07,0,0.01,-0.3
1.01,0.00017646,-1.0334E-07,0,0.01,-0.3
1.02,0.00018052,-1.070658E-07,0,0.01,-0.3
1.03,0.00018784,-1.0666E-07,0,0.01,-0.3
1.04,0.00018842,-1.1666E-07,0,0.01,-0.3
1.05,0.00019704,-1.0898E-07,0,0.01,-0.3
1.06,0.00019804,-1.1222E-07,0,0.01,-0.3
1.07,0.00019826,-1.0216E-07,0,0.01,-0.3
1.08,0.0002014,-1.069802E-07,0,0.01,-0.3
1.09,0.0002098,-1.0774E-07,0,0.01,-0.3
1.1,0.0002077,-1.0548E-07,0,0.01,-0.3
1.11,0.00021254,-1.07526E-07,0,0.01,-0.3
1.12,0.00022026,-1.0828E-07,0,0.01,-0.3
1.13,0.00021904,-1.032E-07,0,0.01,-0.3
1.14,0.00022104,-1.07811E-07,0,0.01,-0.3
1.15,0.00023022,-1.0754E-07,0,0.01,-0.3
1.16,0.00022672,-9.884E-08,0,0.01,-0.3
1.17,0.00023446,-1.0272E-07,0,0.01,-0.3
1.18,0.00023172,-1.113E-07,0,0.01,-0.3
1.19,0.00023842,-1.07E-07,0,0.01,-0.3
1.2,0.00024322,-1.1728E-07,0,0.01,-0.3
1.21,0.00024402,-1.0224E-07,0,0.01,-0.3
1.22,0.00024918,-1.0402E-07,0,0.01,-0.3
1.23,0.00024566,-1.0762E-07,0,0.01,-0.3
1.24,0.00025164,-1.0866E-07,0,0.01,-0.3
1.25,0.00025846,-1.171E-07,0,0.01,-0.3
1.26,0.00025482,-1.2386E-07,0,0.01,-0.3
1.27,0.00026314,-1.0962E-07,0,0.01,-0.3
1.28,0.0002647,-1.1616E-07,0,0.01,-0.3
1.29,0.0002686,-1.0902E-07,0,0.01,-0.3
1.3,0.0002624,-1.2394E-07,0,0.01,-0.3
1.31,0.00027224,-1.0842E-07,0,0.01,-0.3
1.32,0.00027254,-1.0854E-07,0,0.01,-0.3
1.33,0.0002707,-1.025E-07,0,0.01,-0.3
1.34,0.0002724,-1.05959E-07,0,0.01,-0.3
1.35,0.00028082,-1.0632E-07,0,0.01,-0.3
1.36,0.00027516,-1.0348E-07,0,0.01,-0.3
1.37,0.00027952,-1.077166E-07,0,0.01,-0.3
1.38,0.0002876,-1.0844E-07,0,0.01,-0.3
1.39,0.000285,-1.0302E-07,0,0.01,-0.3
1.4,0.00028914,-1.0008E-07,0,0.01,-0.3
1.41,0.0002875,-1.1534E-07,0,0.01,-0.3
1.42,0.0002957,-1.0842E-07,0,0.01,-0.3
1.43,0.0002894,-1.1074E-07,0,0.01,-0.3
1.44,0.00029226,-1.0642E-07,0,0.01,-0.3
1.45,0.00030122,-1.1646E-07,0,0.01,-0.3
1.46,0.00029686,-9.924E-08,0,0.01,-0.3
1.47,0.00030222,-1.0206E-07,0,0.01,-0.3
1.48,0.00029698,-1.0862E-07,0,0.01,-0.3
1.49,0.00030324,-1.067E-07,0,0.01,-0.3
1.5,0.00030888,-1.1788E-07,0,0.01,-0.3
1.51,0.00030542,-1.0242E-07,0,0.01,-0.3
1.52,0.00030972,-1.0328E-07,0,0.01,-0.3
1.53,0.00030384,-1.1276E-07,0,0.01,-0.3
1.54,0.00031454,-1.0384E-07,0,0.01,-0.3
1.55,0.00031384,-1.1128E-07,0,0.01,-0.3
1.56,0.0003091,-1.0582E-07,0,0.01,-0.3
1.57,0.00031578,-1.162E-07,0,0.01,-0.3
1.58,0.00031538,-1.1516E-07,0,0.01,-0.3
1.59,0.00032124,-1.0636E-07,0,0.01,-0.3
1.6,0.00031642,-1.1168E-07,0,0.01,-0.3
1.61,0.00031536,-1.0324E-07,0,0.01,-0.3
1.62,0.0003247,-1.2142E-07,0,0.01,-0.3
1.63,0.0003201,-1.1116E-07,0,0.01,-0.3
1.64,0.00033038,-1.0704E-07,0,0.01,-0.3
1.65,0.00032422,-1.1306E-07,0,0.01,-0.3
1.66,0.00033088,-1.0674E-07,0,0.01,-0.3
1.67,0.00032428,-1.0052E-07,0,0.01,-0.3
1.68,0.00033128,-1.0076E-07,0,0.01,-0.3
1.69,0.0003232,-1.1302E-07,0,0.01,-0.3
1.7,0.0003331,-1.0658E-07,0,0.01,-0.3
1.71,0.00033242,-1.1768E-07,0,0.01,-0.3
1.72,0.00032834,-1.0338E-07,0,0.01,-0.3
1.73,0.0003351,-1.1384E-07,0,0.01,-0.3
1.74,0.0003328,-1.0328E-07,0,0.01,-0.3
1.75,0.00033472,-9.892E-08,0,0.01,-0.3
1.76,0.00033126,-1.1032E-07,0,0.01,-0.3
1.77,0.00033852,-1.0786E-07,0,0.01,-0.3
1.78,0.00034172,-1.1804E-07,0,0.01,-0.3
1.79,0.0003345,-1.0582E-07,0,0.01,-0.3
1.8,0.0003368,-9.454E-08,0,0.01,-0.3
0,1.711E-07,-1.9336E-07,0,0.01,-0.4
0.01,1.8316E-07,-1.7874E-07,0,0.01,-0.4
0.02,1.8124E-07,-1.8058E-07,0,0.01,-0.4
0.03,1.7904E-07,-1.8156E-07,0,0.01,-0.4
0.04,1.7526E-07,-1.727E-07,0,0.01,-0.4
0.05,1.8266E-07,-1.83E-07,0,0.01,-0.4
0.06,1.7728E-07,-1.6874E-07,0,0.01,-0.4
0.07,1.779E-07,-1.8634E-07,0,0.01,-0.4
0.08,1.8514E-07,-1.8386E-07,0,0.01,-0.4
0.09,1.8402E-07,-1.7162E-07,0,0.01,-0.4
0.1,1.736E-07,-1.847E-07,0,0.01,-0.4
0.11,1.8384E-07,-1.7816E-07,0,0.01,-0.4
0.12,1.741E-07,-1.8516E-07,0,0.01,-0.4
0.13,1.8184E-07,-1.785E-07,0,0.01,-0.4
0.14,1.7706E-07,-1.7132E-07,0,0.01,-0.4
0.15,1.8156E-07,-1.8594E-07,0,0.01,-0.4
0.16,1.8444E-07,-1.8046E-07,0,0.01,-0.4
0.17,1.813E-07,-1.817E-07,0,0.01,-0.4
0.18,1.8472E-07,-1.7866E-07,0,0.01,-0.4
0.19,1.8102E-07,-1.7084E-07,0,0.01,-0.4
0.2,1.7534E-07,-1.7888E-07,0,0.01,-0.4
0.21,1.8228E-07,-1.8056E-07,0,0.01,-0.4
0.22,1.7216E-07,-1.902E-07,0,0.01,-0.4
0.23,1.8172E-07,-1.6478E-07,0,0.01,-0.4
0.24,1.7874E-07,-1.691E-07,0,0.01,-0.4
0.25,1.8156E-07,-1.8062E-07,0,0.01,-0.4
0.26,1.8212E-07,-1.8082E-07,0,0.01,-0.4
0.27,1.765E-07,-1.8682E-07,0,0.01,-0.4
0.28,1.7926E-07,-1.7902E-07,0,0.01,-0.4
0.29,1.8458E-07,-1.784E-07,0,0.01,-0.4
0.3,1.8716E-07,-1.8668E-07,0,0.01,-0.4
0.31,1.84E-07,-1.8344E-07,0,0.01,-0.4
0.32,1.7644E-07,-1.876E-07,0,0.01,-0.4
0.33,1.7922E-07,-1.7244E-07,0,0.01,-0.4
0.34,1.8116E-07,-1.8654E-07,0,0.01,-0.4
0.35,1.8636E-07,-1.88E-07,0,0.01,-0.4
0.36,1.8624E-07,-1.8262E-07,0,0.01,-0.4
0.37,1.8612E-07,-1.8664E-07,0,0.01,-0.4
0.38,1.857E-07,-1.7934E-07,0,0.01,-0.4
0.39,1.7914E-07,-1.9124E-07,0,0.01,-0.4
0.4,1.8648E-07,-1.7668E-07,0,0.01,-0.4
0.41,1.7464E-07,-1.7772E-07,0,0.01,-0.4
0.42,1.8062E-07,-1.8506E-07,0,0.01,-0.4
0.43,1.9054E-07,-1.8366E-07,0,0.01,-0.4
0.44,1.925E-07,-1.8304E-07,0,0.01,-0.4
0.45,1.9856E-07,-1.7678E-07,0,0.01,-0.4
0.46,1.8678E-07,-1.5818E-07,0,0.01,-0.4
0.47,2.121E-07,-1.8572E-07,0,0.01,-0.4
0.48,2.4036E-07,-1.731E-07,0,0.01,-0.4
0.49,2.6338E-07,-1.905E-07,0,0.01,-0.4
0.5,3.3274E-07,-1.678E-07,0,0.01,-0.4
0.51,4.182E-07,-1.8526E-07,0,0.01,-0.4
0.52,5.774E-07,-1.791E-07,0,0.01,-0.4
0.53,8.2766E-07,-1.7624E-07,0,0.01,-0.4
0.54,1.15002E-06,-1.7922E-07,0,0.01,-0.4
0.55,1.5508E-06,-1.7078E-07,0,0.01,-0.4
0.56,2.2416E-06,-1.8182E-07,0,0.01,-0.4
0.57,3.0877E-06,-1.887E-07,0,0.01,-0.4
0.58,4.0794E-06,-1.695E-07,0,0.01,-0.4
0.59,5.5452E-06,-1.955E-07,0,0.01,-0.4
0.6,7.0306E-06,-1.8734E-07,0,0.01,-0.4
0.61,8.9767E-06,-1.7618E-07,0,0.01,-0.4
0.62,1.09434E-05,-1.9124E-07,0,0.01,-0.4
0.63,1.3618E-05,-1.7556E-07,0,0.01,-0.4
0.64,1.5984E-05,-1.9078E-07,0,0.01,-0.4
0.65,1.9502E-05,-1.8928E-07,0,0.01,-0.4
0.66,2.2418E-05,-1.865E-07,0,0.01,-0.4
0.67,2.535E-05,-1.7662E-07,0,0.01,-0.4
0.68,2.959E-05,-2.0104E-07,0,0.01,-0.4
0.69,3.2972E-05,-1.9432E-07,0,0.01,-0.4
0.7,3.774E-05,-1.8754E-07,0,0.01,-0.4
0.71,4.0658E-05,-1.8818E-07,0,0.01,-0.4
0.72,4.4766E-05,-1.8906E-07,0,0.01,-0.4
0.73,5.046E-05,-1.9416E-07,0,0.01,-0.4
0.74,5.4138E-05,-1.9348E-07,0,0.01,-0.4
0.75,5.908E-05,-1.8814E-07,0,0.01,-0.4
0.76,6.2368E-05,-1.8548E-07,0,0.01,-0.4
0.77,6.6694E-05,-1.8582E-07,0,0.01,-0.4
0.78,7.275E-05,-1.9192E-07,0,0.01,-0.4
0.79,7.6522E-05,-1.9226E-07,0,0.01,-0.4
0.8,8.1574E-05,-1.6802E-07,0,0.01,-0.4
0.81,8.507E-05,-1.9648E-07,0,0.01,-0.4
0.82,9.2022E-05,-1.8052E-07,0,0.01,-0.4
0.83,9.5388E-05,-1.96E-07,0,0.01,-0.4
0.84,9.8406E-05,-1.7526E-07,0,0.01,-0.4
0.85,0.00010464,-2.0056E-07,0,0.01,-0.4
0.86,0.000107924,-1.9336E-07,0,0.01,-0.4
0.87,0.000115008,-1.8978E-07,0,0.01,-0.4
0.88,0.00011894,-1.9106E-07,0,0.01,-0.4
0.89,0.00012218,-1.783E-07,0,0.01,-0.4
0.9,0.00012712,-1.8942E-07,0,0.01,-0.4
0.91,0.00012902,-1.9798E-07,0,0.01,-0.4
0.92,0.00013504,-1.9272E-07,0,0.01,-0.4
0.93,0.0001416,-1.9244E-07,0,0.01,-0.4
0.94,0.00014328,-1.795E-07,0,0.01,-0.4
0.95,0.00014986,-1.8642E-07,0,0.01,-0.4
0.96,0.00014966,-1.9464E-07,0,0.01,-0.4
0.97,0.00015862,-1.8932E-07,0,0.01,-0.4
0.98,0.0001603,-1.9274E-07,0,0.01,-0.4
0.99,0.00016226,-1.8712E-07,0,0.01,-0.4
1,0.00016886,-2.0308E-07,0,0.01,-0.4
1.01,0.00017192,-1.9558E-07,0,0.01,-0.4
1.02,0.00017762,-1.94E-07,0,0.01,-0.4
1.03,0.00017694,-1.9706E-07,0,0.01,-0.4
1.04,0.00018214,-1.8268E-07,0,0.01,-0.4
1.05,0.00018918,-2.0226E-07,0,0.01,-0.4
1.06,0.00019078,-1.9484E-07,0,0.01,-0.4
1.07,0.00019562,-1.8518E-07,0,0.01,-0.4
1.08,0.00019686,-1.9294E-07,0,0.01,-0.4
1.09,0.000199,-1.8404E-07,0,0.01,-0.4
1.1,0.00020746,-2.0522E-07,0,0.01,-0.4
1.11,0.00020584,-1.8908E-07,0,0.01,-0.4
1.12,0.0002155,-1.8204E-07,0,0.01,-0.4
1.13,0.00021526,-1.9808E-07,0,0.01,-0.4
1.14,0.0002154,-1.9116E-07,0,0.01,-0.4
1.15,0.0002228,-1.985E-07,0,0.01,-0.4
1.16,0.000223,-1.8864E-07,0,0.01,-0.4
1.17,0.00022712,-1.8504E-07,0,0.01,-0.4
1.18,0.00022864,-1.9368E-07,0,0.01,-0.4
1.19,0.00023512,-1.8688E-07,0,0.01,-0.4
1.2,0.0002343,-1.9608E-07,0,0.01,-0.4
1.21,0.00023576,-1.9036E-07,0,0.01,-0.4
1.22,0.00024468,-1.9658E-07,0,0.01,-0.4
1.23,0.00024132,-1.7058E-07,0,0.01,-0.4
1.24,0.00024806,-1.639E-07,0,0.01,-0.4
1.25,0.00024908,-1.839E-07,0,0.01,-0.4
1.26,0.00025748,-1.8722E-07,0,0.01,-0.4
1.27,0.00025164,-1.8842E-07,0,0.01,-0.4
1.28,0.00025418,-1.8386E-07,0,0.01,-0.4
1.29,0.0002618,-1.979E-07,0,0.01,-0.4
1.3,0.00026202,-1.9034E-07,0,0.01,-0.4
1.31,0.00026688,-1.844E-07,0,0.01,-0.4
1.32,0.00026242,-1.9814E-07,0,0.01,-0.4
1.33,0.00026392,-1.9144E-07,0,0.01,-0.4
1.34,0.00027296,-1.9886E-07,0,0.01,-0.4
1.35,0.00027302,-1.9312E-07,0,0.01,-0.4
1.36,0.00027794,-1.8898E-07,0,0.01,-0.4
1.37,0.0002726,-1.9814E-07,0,0.01,-0.4
1.38,0.00027502,-1.856E-07,0,0.01,-0.4
1.39,0.00028336,-2.019E-07,0,0.01,-0.4
1.4,0.0002823,-1.9932E-07,0,0.01,-0.4
1.41,0.0002858,-1.8728E-07,0,0.01,-0.4
1.42,0.0002851,-1.8546E-07,0,0.01,-0.4
1.43,0.00029208,-1.8802E-07,0,0.01,-0.4
1.44,0.00028674,-1.9164E-07,0,0.01,-0.4
1.45,0.00028958,-1.8248E-07,0,0.01,-0.4
1.46,0.00029744,-1.876E-07,0,0.01,-0.4
1.47,0.0002931,-1.7668E-07,0,0.01,-0.4
1.48,0.00029992,-1.7338E-07,0,0.01,-0.4
1.49,0.000294,-1.8876E-07,0,0.01,-0.4
1.5,0.00030082,-1.8474E-07,0,0.01,-0.4
1.51,0.0003048,-1.9414E-07,0,0.01,-0.4
1.52,0.00030334,-1.8906E-07,0,0.01,-0.4
1.53,0.00030834,-1.8488E-07,0,0.01,-0.4
1.54,0.00030226,-1.855E-07,0,0.01,-0.4
1.55,0.00030476,-1.795E-07,0,0.01,-0.4
1.56,0.00031262,-1.8928E-07,0,0.01,-0.4
1.57,0.00031096,-1.9068E-07,0,0.01,-0.4
1.58,0.0003156,-1.7536E-07,0,0.01,-0.4
1.59,0.00030866,-1.8226E-07,0,0.01,-0.4
1.6,0.0003148,-1.7682E-07,0,0.01,-0.4
1.61,0.00032112,-1.969E-07,0,0.01,-0.4
1.62,0.00031646,-1.701E-07,0,0.01,-0.4
1.63,0.00032058,-1.7846E-07,0,0.01,-0.4
1.64,0.0003144,-1.8734E-07,0,0.01,-0.4
1.65,0.00032374,-1.8084E-07,0,0.01,-0.4
1.66,0.00032782,-1.9258E-07,0,0.01,-0.4
1.67,0.00032164,-1.7566E-07,0,0.01,-0.4
1.68,0.0003261,-1.785E-07,0,0.01,-0.4
1.69,0.00032486,-1.713E-07,0,0.01,-0.4
1.7,0.00032946,-1.6642E-07,0,0.01,-0.4
1.71,0.0003231,-1.7802E-07,0,0.01,-0.4
1.72,0.0003294,-1.7306E-07,0,0.01,-0.4
1.73,0.00033382,-1.818E-07,0,0.01,-0.4
1.74,0.00032838,-1.6758E-07,0,0.01,-0.4
1.75,0.00033012,-1.6232E-07,0,0.01,-0.4
1.76,0.00032974,-1.8462E-07,0,0.01,-0.4
1.77,0.00033656,-1.7926E-07,0,0.01,-0.4
1.78,0.00033886,-1.9182E-07,0,0.01,-0.4
1.79,0.00033038,-1.7232E-07,0,0.01,-0.4
1.8,0.00033702,-1.7282E-07,0,0.01,-0.4
